1,0.03980 0.04960 0.12880 0.26880 0.28400 0.38200 0.42660 0.47000 0.48130 0.52330 0.60980 0.72070 0.75560 0.79690 0.94380 0.96000 1.02910 1.09460 1.12730 1.22150 1.27640 1.28870 1.40100 1.48410 1.51070 1.57870 1.61930 1.66170 1.70030 1.81930 1.87500 1.94400 1.97280 2.01490 2.08290 2.14520 2.21950 2.29700 2.36260 2.41910 2.51330 2.57300 2.62560 2.69840 2.74220 2.80400 2.88120 2.94640 3.01210 3.06260 ;
2,0.04010 0.04910 0.13100 0.26820 0.28310 0.38050 0.42880 0.46860 0.48160 0.51130 0.58410 0.73510 0.75950 0.81010 0.94640 0.95850 1.04010 1.10190 1.13130 1.21890 1.27510 1.28510 1.39760 1.48670 1.50170 1.58450 1.62320 1.66890 1.71660 1.79390 1.88950 1.94470 1.97530 1.99430 2.07650 2.16360 2.21760 2.31440 2.35780 2.43260 2.50470 2.55740 2.62270 2.69760 2.73620 2.82070 2.87260 2.93890 3.01700 3.07160 ;
3,0.03850 0.04900 0.12420 0.26740 0.28250 0.38230 0.43080 0.46750 0.48170 0.50770 0.57920 0.73860 0.75980 0.79900 0.95260 0.96610 1.05340 1.09980 1.13940 1.21930 1.27570 1.28450 1.38850 1.47920 1.50000 1.61940 1.64030 1.68500 1.70680 1.78580 1.88250 1.93110 1.97300 1.99000 2.07680 2.15890 2.18770 2.27830 2.36040 2.43270 2.49970 2.58640 2.62900 2.69160 2.76280 2.81460 2.89310 2.95800 3.01140 3.08730 ;
4,0.03740 0.04910 0.12150 0.26860 0.28120 0.38500 0.42510 0.46890 0.47930 0.51630 0.57810 0.73500 0.76310 0.78800 0.95210 0.96560 1.04210 1.08710 1.13680 1.22940 1.27710 1.28800 1.38800 1.48240 1.51280 1.59980 1.62810 1.67100 1.70090 1.81250 1.88090 1.92230 1.97320 1.99780 2.06980 2.14550 2.20120 2.29350 2.35750 2.41210 2.49240 2.54690 2.63970 2.70120 2.74710 2.81530 2.87810 2.94910 3.03180 3.07840 ;
5,0.03780 0.04930 0.12740 0.26950 0.28170 0.38870 0.42320 0.46990 0.47840 0.52690 0.58860 0.72570 0.76500 0.78920 0.94650 0.96700 1.04420 1.09620 1.13020 1.22870 1.26920 1.29630 1.42690 1.48750 1.50960 1.59040 1.63170 1.67280 1.70490 1.81610 1.88420 1.91950 1.96530 1.99870 2.08620 2.14100 2.21340 2.30530 2.34670 2.40600 2.48850 2.56640 2.64120 2.69380 2.74350 2.81090 2.89300 2.95350 3.01380 3.06400 ;
6,0.03810 0.04910 0.12850 0.26940 0.28100 0.39270 0.42760 0.47010 0.47880 0.52710 0.58670 0.71890 0.76200 0.80470 0.94560 0.96240 1.04720 1.09200 1.12930 1.23730 1.27280 1.28870 1.40600 1.48750 1.50310 1.56410 1.61900 1.68900 1.70820 1.82820 1.88570 1.92120 1.95940 2.00120 2.06810 2.14500 2.19630 2.27610 2.37700 2.42530 2.51210 2.59100 2.63700 2.70000 2.75210 2.81130 2.89550 2.96430 3.01940 3.08010 ;
7,0.03820 0.04890 0.13100 0.26930 0.28090 0.39520 0.43370 0.47010 0.48000 0.52130 0.57800 0.70770 0.76360 0.78510 0.93710 0.96370 1.05450 1.09800 1.12480 1.23700 1.27200 1.29470 1.43320 1.48780 1.50000 1.57620 1.64330 1.68770 1.70920 1.77630 1.89300 1.92820 1.96720 1.99730 2.07160 2.14980 2.19640 2.27300 2.37740 2.42090 2.52440 2.58510 2.63220 2.69350 2.75770 2.80200 2.87740 2.96570 3.01500 3.08000 ;
8,0.03650 0.04890 0.12900 0.26930 0.28150 0.40010 0.43490 0.46980 0.47930 0.52450 0.58900 0.70090 0.76010 0.79930 0.93310 0.95490 1.06380 1.10240 1.14970 1.24170 1.27040 1.29500 1.43160 1.48530 1.50310 1.57370 1.62320 1.68120 1.71140 1.81580 1.88190 1.91870 1.96180 1.99870 2.10970 2.15580 2.21660 2.30930 2.35850 2.40020 2.46480 2.59250 2.64130 2.69390 2.74000 2.79510 2.88160 2.94540 3.01870 3.07520 ;
9,0.03510 0.04880 0.12320 0.26920 0.28100 0.40080 0.43430 0.46960 0.47940 0.52390 0.57960 0.70450 0.75990 0.81370 0.93870 0.95580 1.03120 1.09520 1.15000 1.23950 1.27200 1.29100 1.41970 1.48620 1.50530 1.56850 1.62850 1.69580 1.71580 1.83630 1.88690 1.93080 1.96170 2.01440 2.10460 2.15620 2.20790 2.30460 2.36420 2.42190 2.50940 2.58700 2.62680 2.68680 2.74660 2.80430 2.88330 2.95410 3.00410 3.08010 ;
10,0.03590 0.04870 0.12650 0.26910 0.28070 0.40460 0.43870 0.46980 0.48080 0.52540 0.58840 0.70290 0.76130 0.80570 0.93700 0.95520 1.03870 1.09930 1.13520 1.23110 1.27060 1.29120 1.44230 1.48970 1.51270 1.57160 1.64500 1.69540 1.71770 1.80630 1.89180 1.93140 1.96420 1.99550 2.09860 2.15200 2.22510 2.30010 2.34610 2.38870 2.47390 2.58090 2.64140 2.69090 2.73810 2.81410 2.87680 2.95300 3.01370 3.08070 ;
11,0.03610 0.04870 0.12820 0.26860 0.28000 0.40340 0.44010 0.47020 0.48080 0.51980 0.57250 0.71670 0.76410 0.79990 0.93220 0.96220 1.05100 1.10030 1.13700 1.24050 1.27290 1.30620 1.44080 1.48340 1.50530 1.55510 1.62330 1.67710 1.70680 1.78790 1.88900 1.92290 1.95480 1.99280 2.06860 2.14830 2.22270 2.30920 2.34620 2.41090 2.50850 2.58600 2.63130 2.70650 2.74340 2.81330 2.87570 2.93450 3.00880 3.08580 ;
12,0.03700 0.04870 0.13380 0.26910 0.28110 0.40430 0.44030 0.47000 0.48090 0.51840 0.57800 0.71370 0.76390 0.78710 0.91860 0.95550 1.04740 1.10260 1.13750 1.24070 1.26880 1.30190 1.41880 1.48330 1.50720 1.58580 1.63360 1.67810 1.70600 1.78800 1.88890 1.92790 1.95910 2.00630 2.07320 2.13900 2.24940 2.30580 2.37360 2.43450 2.51690 2.59110 2.63480 2.70980 2.75140 2.80250 2.88190 2.94170 2.99820 3.09050 ;
13,0.03680 0.04880 0.13040 0.26870 0.28080 0.40480 0.43920 0.46930 0.48010 0.51290 0.56600 0.71140 0.75960 0.81340 0.93350 0.94930 1.04820 1.09970 1.13470 1.24650 1.26890 1.29660 1.40940 1.48800 1.50350 1.57480 1.64040 1.68110 1.70390 1.78950 1.88980 1.92340 1.95360 2.01160 2.07810 2.14530 2.22790 2.31460 2.36710 2.43510 2.50730 2.57750 2.62550 2.70100 2.74010 2.80230 2.85990 2.93770 3.00480 3.07890 ;
14,0.03460 0.04870 0.12430 0.26900 0.28020 0.40550 0.43970 0.47050 0.48050 0.52090 0.58060 0.68550 0.75240 0.81680 0.93290 0.94710 1.02090 1.10780 1.14850 1.25110 1.27110 1.31010 1.41770 1.47830 1.51030 1.55390 1.60540 1.68490 1.71240 1.79850 1.87860 1.92970 1.95440 2.02190 2.09260 2.13940 2.18930 2.29440 2.35620 2.39480 2.51270 2.59090 2.62940 2.69570 2.75550 2.80810 2.87340 2.94330 2.98890 3.07360 ;
15,0.03530 0.04860 0.12460 0.26910 0.28180 0.40850 0.44140 0.47060 0.48070 0.52500 0.58640 0.67920 0.74830 0.81310 0.92850 0.94920 1.03070 1.10270 1.14040 1.25180 1.27160 1.31290 1.42110 1.47790 1.50820 1.55350 1.61550 1.68370 1.70970 1.79450 1.88310 1.92500 1.95480 2.00600 2.08360 2.14980 2.26240 2.31550 2.35300 2.41750 2.49160 2.56890 2.62630 2.69400 2.74530 2.79690 2.87020 2.97160 3.00850 3.07490 ;
16,0.03630 0.04850 0.12990 0.26920 0.28220 0.40850 0.44150 0.47010 0.48080 0.52090 0.58110 0.69100 0.75410 0.79530 0.93130 0.95070 1.02910 1.09670 1.13010 1.24500 1.26660 1.30330 1.40200 1.48300 1.50620 1.57660 1.63790 1.66790 1.69840 1.78370 1.88630 1.92130 1.95680 2.00910 2.08860 2.15160 2.22910 2.30840 2.34010 2.39800 2.50390 2.58510 2.63320 2.67780 2.74520 2.80890 2.88690 2.96540 3.02050 3.09670 ;
17,0.03590 0.04850 0.12780 0.26850 0.28140 0.40670 0.44070 0.46910 0.48090 0.51410 0.57780 0.69980 0.75680 0.79320 0.92460 0.95790 1.04320 1.10260 1.14170 1.24940 1.26910 1.30320 1.40270 1.48110 1.50140 1.59260 1.63810 1.67740 1.70710 1.81990 1.88340 1.91240 1.95010 1.98940 2.08420 2.15540 2.21730 2.31280 2.35660 2.43970 2.51110 2.57570 2.63990 2.70620 2.73940 2.80980 2.88810 2.95090 3.00920 3.06750 ;
18,0.03650 0.04860 0.12770 0.26870 0.28120 0.40850 0.44100 0.47030 0.48090 0.51730 0.56680 0.70970 0.75850 0.80940 0.92750 0.95570 1.04150 1.10770 1.14510 1.24320 1.26580 1.31730 1.43420 1.48160 1.50000 1.56230 1.61410 1.67730 1.70480 1.79550 1.88550 1.91890 1.96520 2.00400 2.08810 2.15040 2.19930 2.29060 2.36210 2.41770 2.50090 2.57200 2.63800 2.70100 2.75170 2.79100 2.89260 2.94930 3.02160 3.08820 ;
19,0.03570 0.04860 0.12510 0.26840 0.28090 0.40570 0.44000 0.47010 0.48090 0.51730 0.57430 0.71430 0.75900 0.82010 0.93480 0.95090 1.02960 1.09960 1.14040 1.24650 1.26970 1.29650 1.43550 1.48830 1.51230 1.56460 1.61280 1.67430 1.70940 1.80430 1.89100 1.92120 1.95650 2.00240 2.08380 2.15440 2.22840 2.31380 2.35050 2.42170 2.50030 2.57900 2.63190 2.70520 2.75610 2.79670 2.89000 2.93280 3.00930 3.08000 ;
20,0.03650 0.04870 0.12510 0.26850 0.28000 0.40410 0.44030 0.46980 0.48080 0.51530 0.57070 0.71040 0.75960 0.81760 0.93580 0.96160 1.05690 1.09740 1.12230 1.24870 1.27210 1.31620 1.41540 1.48090 1.50930 1.57780 1.62450 1.66910 1.71060 1.81210 1.88290 1.92010 1.95660 2.00130 2.07390 2.16550 2.23460 2.29280 2.37520 2.43190 2.51350 2.58170 2.63270 2.70430 2.74450 2.80680 2.88790 2.93670 3.00770 3.07810 ;
21,0.03420 0.04860 0.12140 0.26830 0.28040 0.40630 0.44120 0.47030 0.48100 0.51430 0.56880 0.73020 0.76220 0.80580 0.93210 0.95230 1.04040 1.09690 1.13690 1.25090 1.26920 1.31430 1.41600 1.48620 1.51320 1.57600 1.61690 1.66970 1.70380 1.77250 1.88760 1.92710 1.96050 1.99070 2.05540 2.15360 2.23350 2.31700 2.36260 2.43050 2.50830 2.58070 2.62880 2.69520 2.75640 2.81610 2.89340 2.94370 3.00090 3.08460 ;
22,0.03310 0.04850 0.11730 0.26870 0.28100 0.40880 0.44280 0.47040 0.48130 0.51880 0.57540 0.69600 0.75940 0.79680 0.93460 0.95100 1.04600 1.10710 1.14260 1.24150 1.26550 1.30190 1.41440 1.48210 1.50180 1.57120 1.61270 1.66710 1.70130 1.79920 1.88530 1.91980 1.95710 1.99730 2.08030 2.14940 2.20570 2.27570 2.38030 2.45480 2.50770 2.58640 2.63010 2.67700 2.76660 2.82870 2.88820 2.95190 3.00930 3.07270 ;
23,0.03590 0.04840 0.12440 0.26890 0.28270 0.41010 0.44420 0.47020 0.48230 0.51690 0.56900 0.70850 0.75550 0.80670 0.93470 0.95460 1.02940 1.09890 1.13620 1.23160 1.27230 1.30080 1.42810 1.47650 1.49590 1.55090 1.60280 1.67800 1.70610 1.79150 1.88560 1.92260 1.96700 2.00050 2.09250 2.16180 2.23850 2.29920 2.38300 2.44070 2.51100 2.58370 2.63610 2.68350 2.75400 2.81190 2.89430 2.94640 3.00220 3.08030 ;
24,0.03630 0.04830 0.12540 0.26910 0.28270 0.41100 0.44330 0.47030 0.48160 0.51600 0.56590 0.70920 0.75700 0.81050 0.92760 0.95220 1.03890 1.10320 1.12630 1.24210 1.27320 1.30560 1.42310 1.48800 1.52010 1.58730 1.62070 1.66220 1.69230 1.77060 1.88670 1.92610 1.95950 2.00400 2.09060 2.14010 2.24550 2.31220 2.35930 2.44840 2.49500 2.57360 2.63910 2.70730 2.75380 2.81670 2.87830 2.94300 3.01540 3.07850 ;
25,0.03650 0.04830 0.12960 0.26900 0.28380 0.40700 0.44420 0.46920 0.48250 0.51130 0.57070 0.71570 0.75870 0.78560 0.93320 0.95540 1.04040 1.10710 1.12850 1.24240 1.27070 1.31090 1.41910 1.48620 1.52010 1.57190 1.61530 1.67040 1.72470 1.80590 1.87770 1.91280 1.95450 1.99630 2.10060 2.15630 2.24080 2.31000 2.35590 2.44180 2.50730 2.56420 2.63420 2.70010 2.75200 2.80130 2.87360 2.95330 2.99570 3.07640 ;
26,0.03550 0.04810 0.12570 0.26920 0.28290 0.40740 0.44420 0.46950 0.48240 0.51250 0.57150 0.70940 0.75810 0.78290 0.92730 0.95500 1.02850 1.10220 1.13690 1.25580 1.27170 1.31680 1.40880 1.49100 1.51670 1.59580 1.62500 1.66660 1.69460 1.80210 1.87110 1.90730 1.95060 2.01490 2.07970 2.16370 2.22300 2.29260 2.37950 2.45710 2.52140 2.56480 2.64000 2.70790 2.74180 2.81090 2.89540 2.94890 3.00970 3.07760 ;
27,0.03390 0.04830 0.11880 0.26790 0.28130 0.40860 0.44270 0.46920 0.48220 0.51460 0.56800 0.71650 0.76080 0.78560 0.93090 0.95810 1.04900 1.10080 1.13540 1.24460 1.27330 1.32230 1.40990 1.47140 1.49440 1.58100 1.63400 1.67460 1.70410 1.76280 1.87960 1.91010 1.94770 1.97970 2.08020 2.15480 2.22440 2.30290 2.36320 2.43100 2.50620 2.56880 2.64800 2.69570 2.75500 2.81530 2.86340 2.92960 3.00740 3.08510 ;
28,0.03420 0.04820 0.11690 0.26730 0.28050 0.40410 0.44180 0.46860 0.48250 0.51060 0.56530 0.73180 0.76050 0.78820 0.92510 0.97140 1.05760 1.09730 1.11840 1.23110 1.27480 1.32270 1.42920 1.47910 1.49800 1.57080 1.61020 1.67870 1.71010 1.83370 1.88380 1.91820 1.96220 2.01410 2.09190 2.14260 2.23450 2.31960 2.36450 2.41000 2.48770 2.57940 2.63790 2.69790 2.75350 2.83580 2.90150 2.96150 3.03240 3.08850 ;
29,0.03650 0.04850 0.12730 0.26800 0.28140 0.40640 0.44150 0.47010 0.48250 0.51840 0.57400 0.71720 0.76240 0.78110 0.92650 0.96710 1.05320 1.09940 1.12710 1.25260 1.27440 1.31960 1.41730 1.48130 1.49730 1.58210 1.62350 1.68100 1.69890 1.79150 1.88860 1.91930 1.95730 2.01720 2.07000 2.12540 2.23550 2.30400 2.36100 2.40950 2.51270 2.58130 2.64380 2.70160 2.74820 2.83120 2.87970 2.95580 3.01590 3.07410 ;
30,0.03640 0.04840 0.12900 0.26800 0.28210 0.40350 0.44050 0.47070 0.48280 0.51750 0.56950 0.73090 0.76180 0.78570 0.93810 0.95590 1.04580 1.10020 1.13940 1.25060 1.27130 1.32020 1.43140 1.48470 1.50840 1.58050 1.62080 1.67490 1.70510 1.79980 1.88190 1.90870 1.95900 2.00550 2.07440 2.14190 2.25320 2.30240 2.35980 2.42130 2.52420 2.57660 2.62440 2.70000 2.75940 2.81230 2.88800 2.93170 3.02190 3.08930 ;
31,0.03680 0.04850 0.13260 0.26860 0.28300 0.40120 0.44030 0.47000 0.48310 0.51180 0.58040 0.71530 0.75870 0.80110 0.92980 0.94760 1.04240 1.10090 1.13300 1.24310 1.26740 1.29810 1.42150 1.48450 1.50420 1.58580 1.62100 1.66180 1.69630 1.78400 1.88140 1.92130 1.95880 1.99850 2.08390 2.15600 2.22050 2.30070 2.35190 2.43310 2.49880 2.54410 2.64040 2.69530 2.75850 2.81330 2.87680 2.96070 3.02200 3.09020 ;
32,0.03670 0.04840 0.13010 0.26930 0.28390 0.40720 0.44350 0.47150 0.48350 0.52070 0.58800 0.70100 0.75880 0.78180 0.93130 0.96010 1.03090 1.09570 1.14060 1.24450 1.27070 1.31050 1.41530 1.47840 1.49340 1.57650 1.61930 1.65490 1.70100 1.81590 1.87410 1.90650 1.95150 1.99680 2.06390 2.16630 2.24120 2.31000 2.35030 2.41660 2.50700 2.58140 2.63920 2.71780 2.75000 2.82200 2.90040 2.95180 3.00890 3.06770 ;
33,0.03610 0.04810 0.12570 0.26930 0.28370 0.40720 0.44400 0.47070 0.48370 0.51370 0.56940 0.72230 0.76010 0.78780 0.94210 0.96130 1.04330 1.09920 1.12730 1.24730 1.27560 1.32310 1.41960 1.47690 1.49860 1.58480 1.62230 1.66350 1.69200 1.79900 1.87920 1.90580 1.96300 2.00630 2.08270 2.13280 2.24300 2.30210 2.36900 2.40840 2.49290 2.56600 2.62900 2.71190 2.75220 2.81560 2.87840 2.95210 3.00630 3.07180 ;
34,0.03610 0.04800 0.12520 0.26860 0.28380 0.41020 0.44480 0.47130 0.48450 0.51570 0.57570 0.71250 0.75950 0.77840 0.92170 0.95450 1.04630 1.10330 1.12510 1.23500 1.27460 1.30510 1.43670 1.47810 1.49630 1.55800 1.60800 1.68030 1.71130 1.81640 1.88530 1.92510 1.96270 2.00740 2.08660 2.15890 2.22420 2.31100 2.37040 2.43980 2.50380 2.57380 2.63970 2.69010 2.75750 2.82880 2.88010 2.95930 3.02040 3.07150 ;
35,0.03560 0.04800 0.12420 0.26890 0.28400 0.41090 0.44580 0.47150 0.48510 0.51470 0.58090 0.69730 0.75770 0.77370 0.92560 0.96230 1.03760 1.10350 1.12350 1.25160 1.27190 1.31340 1.44060 1.47990 1.50480 1.57030 1.62370 1.67510 1.70540 1.81030 1.87590 1.91660 1.95340 2.03120 2.08130 2.15220 2.22200 2.30650 2.35430 2.42640 2.51340 2.57270 2.63550 2.70020 2.75730 2.82260 2.89050 2.95040 3.00980 3.07630 ;
36,0.03560 0.04790 0.12210 0.26820 0.28270 0.40980 0.44560 0.47060 0.48430 0.51490 0.57960 0.68740 0.75720 0.77410 0.92080 0.96190 1.03900 1.10250 1.12740 1.25510 1.27580 1.31130 1.41750 1.47520 1.48730 1.56540 1.62990 1.68050 1.69870 1.81580 1.88030 1.91470 1.94690 2.02300 2.07360 2.15940 2.24240 2.30790 2.35950 2.43630 2.50690 2.58160 2.64040 2.68970 2.74460 2.82260 2.89870 2.94910 3.00920 3.06490 ;
37,0.03600 0.04810 0.12760 0.26840 0.28290 0.41270 0.44410 0.47180 0.48320 0.51880 0.57010 0.69950 0.76000 0.77710 0.92610 0.96520 1.05870 1.10380 1.13290 1.24990 1.27110 1.31700 1.44560 1.48040 1.49910 1.56320 1.60170 1.65680 1.70940 1.82680 1.87180 1.91350 1.95470 2.01880 2.08880 2.16860 2.24260 2.30640 2.36440 2.43240 2.49460 2.57910 2.64190 2.70260 2.74250 2.81630 2.89940 2.95320 3.02840 3.07770 ;
38,0.03590 0.04820 0.12850 0.26840 0.28290 0.40910 0.44250 0.47140 0.48190 0.52150 0.57560 0.69410 0.75930 0.78030 0.92640 0.96090 1.05240 1.10230 1.14750 1.24050 1.27240 1.29720 1.42470 1.48400 1.50270 1.57860 1.61170 1.67210 1.69480 1.77810 1.87530 1.92260 1.95630 2.02070 2.08950 2.16490 2.22350 2.30440 2.35810 2.42930 2.51770 2.58330 2.64520 2.68580 2.75380 2.81890 2.88770 2.94900 3.01430 3.07910 ;
39,0.03560 0.04830 0.12290 0.26890 0.28140 0.40730 0.44050 0.47190 0.48180 0.52660 0.57120 0.70870 0.76290 0.78500 0.92500 0.95450 1.07180 1.10020 1.14190 1.23230 1.26800 1.30930 1.42910 1.48210 1.49940 1.57440 1.62000 1.67550 1.70970 1.81640 1.88120 1.91080 1.95620 2.02090 2.07410 2.15520 2.23780 2.30660 2.36760 2.43700 2.51550 2.58230 2.63500 2.68390 2.75560 2.81920 2.88800 2.95990 3.00970 3.07260 ;
40,0.03450 0.04840 0.12150 0.26910 0.28100 0.41000 0.44010 0.47280 0.48190 0.52800 0.57060 0.73490 0.76450 0.80560 0.93810 0.96050 1.06090 1.10260 1.14130 1.24380 1.26510 1.31400 1.43550 1.48410 1.50610 1.57500 1.61130 1.65690 1.69160 1.80440 1.87430 1.91700 1.95190 2.01350 2.08260 2.15750 2.23450 2.31150 2.35510 2.42580 2.50390 2.57520 2.63860 2.69910 2.74390 2.81850 2.88940 2.97000 3.02660 3.07710 ;
41,0.03590 0.04830 0.12540 0.26860 0.28130 0.40630 0.43900 0.47250 0.48190 0.52540 0.57330 0.70070 0.76520 0.78000 0.92950 0.97240 1.07620 1.09550 1.12630 1.25160 1.27290 1.32830 1.42190 1.48370 1.50290 1.58930 1.61810 1.66790 1.69490 1.81260 1.87470 1.90770 1.95880 2.02000 2.07700 2.16410 2.22690 2.29230 2.35760 2.42440 2.50760 2.57050 2.64180 2.68930 2.75150 2.82250 2.88810 2.93600 3.01910 3.07790 ;
42,0.03540 0.04860 0.12460 0.26790 0.28100 0.40710 0.43920 0.47260 0.48200 0.52310 0.57180 0.72650 0.76400 0.79890 0.92500 0.95730 1.06570 1.09660 1.13130 1.24950 1.26640 1.32080 1.43250 1.48480 1.51080 1.58590 1.62800 1.67310 1.70910 1.78680 1.86860 1.90920 1.95150 2.01210 2.05860 2.13600 2.23170 2.28380 2.35600 2.42680 2.51480 2.58180 2.63560 2.70600 2.74740 2.81970 2.89340 2.93390 3.03070 3.07630 ;
43,0.03470 0.04860 0.12420 0.26860 0.28120 0.40730 0.43900 0.47300 0.48220 0.52730 0.58030 0.69930 0.76060 0.79640 0.93500 0.95190 1.06530 1.10180 1.14010 1.24060 1.26460 1.33430 1.43110 1.48240 1.49900 1.58580 1.62240 1.66860 1.70470 1.77720 1.87410 1.90670 1.94710 2.01520 2.08060 2.14510 2.22020 2.27790 2.36960 2.41860 2.51100 2.56850 2.63090 2.70750 2.75800 2.82510 2.90380 2.94790 3.01970 3.06680 ;
44,0.03570 0.04860 0.12870 0.26920 0.28210 0.40840 0.43980 0.47350 0.48240 0.53610 0.58780 0.66580 0.75750 0.79830 0.92150 0.94630 1.07230 1.09760 1.14880 1.25200 1.27050 1.32470 1.41840 1.47830 1.50160 1.58950 1.62250 1.67010 1.69800 1.77690 1.88030 1.91620 1.95980 2.02680 2.07600 2.14540 2.24240 2.28650 2.35040 2.44250 2.51250 2.55590 2.63810 2.69430 2.76150 2.80980 2.88370 2.95030 3.02530 3.06610 ;
45,0.03530 0.04840 0.12530 0.26950 0.28300 0.41070 0.44000 0.47350 0.48280 0.52920 0.57780 0.70270 0.76110 0.79140 0.91970 0.97840 1.07430 1.09630 1.13320 1.24650 1.27420 1.32730 1.42920 1.48090 1.49550 1.56520 1.60560 1.65580 1.72220 1.81230 1.87300 1.90180 1.94910 2.03710 2.07280 2.16490 2.22040 2.30420 2.37130 2.43800 2.50980 2.56530 2.63270 2.69920 2.74290 2.81710 2.88920 2.95220 3.02750 3.07100 ;
46,0.03600 0.04850 0.13000 0.26930 0.28340 0.41070 0.44090 0.47390 0.48250 0.53540 0.58460 0.70710 0.76310 0.79530 0.92670 0.95640 1.07640 1.09880 1.13930 1.21710 1.27660 1.34170 1.42310 1.47680 1.49590 1.57370 1.62860 1.67210 1.69750 1.78650 1.88040 1.91280 1.95490 2.02720 2.07870 2.16310 2.23420 2.30450 2.36280 2.42260 2.49670 2.56880 2.63380 2.69910 2.75240 2.81940 2.88370 2.94090 3.00740 3.07570 ;
47,0.03440 0.04860 0.12240 0.26920 0.28220 0.40850 0.44090 0.47350 0.48280 0.52820 0.57740 0.71300 0.76300 0.79140 0.92880 0.95380 1.07170 1.09480 1.12730 1.24200 1.26860 1.33850 1.41250 1.47420 1.49620 1.58620 1.64340 1.67320 1.69590 1.78530 1.88980 1.92260 1.95930 2.01930 2.08460 2.16010 2.22940 2.29820 2.35530 2.42400 2.50240 2.57130 2.62130 2.68750 2.74900 2.80890 2.87150 2.97240 3.02110 3.07090 ;
48,0.03560 0.04820 0.12510 0.26820 0.28280 0.40910 0.44100 0.47240 0.48340 0.52580 0.58110 0.69120 0.76230 0.77950 0.92710 0.94400 1.04590 1.09660 1.12560 1.24750 1.27060 1.31570 1.41790 1.47640 1.49580 1.57940 1.64080 1.67790 1.69940 1.78900 1.86540 1.90840 1.96210 2.01020 2.08290 2.16640 2.22270 2.27780 2.36320 2.41420 2.51180 2.55190 2.61310 2.68740 2.75520 2.82240 2.88120 2.95160 3.01760 3.06430 ;
49,0.03470 0.04810 0.12340 0.26840 0.28370 0.41020 0.44060 0.47270 0.48430 0.52070 0.57470 0.71810 0.76160 0.79440 0.93510 0.95320 1.05670 1.09820 1.13590 1.23920 1.26790 1.30210 1.41750 1.47890 1.49210 1.56520 1.62810 1.67650 1.69400 1.79090 1.88300 1.91350 1.95030 1.99590 2.10510 2.16770 2.22270 2.30700 2.37300 2.43850 2.51230 2.57980 2.63410 2.69120 2.73400 2.80440 2.86740 2.97590 3.02900 3.08440 ;
50,0.03340 0.04800 0.12130 0.26870 0.28490 0.41080 0.44190 0.47240 0.48470 0.51910 0.57820 0.69740 0.76100 0.77410 0.93370 0.96450 1.06890 1.10300 1.13410 1.22860 1.27000 1.28550 1.42280 1.47980 1.49080 1.58680 1.62300 1.66780 1.69020 1.82140 1.88200 1.91450 1.94910 2.00670 2.10300 2.18410 2.24380 2.31770 2.36780 2.42340 2.49130 2.57230 2.62560 2.68700 2.76160 2.81970 2.88800 2.95220 3.02350 3.06260 ;
51,0.03530 0.04750 0.12470 0.26920 0.28540 0.41330 0.44450 0.47240 0.48560 0.51340 0.57950 0.70100 0.75920 0.78130 0.93440 0.95340 1.03610 1.10150 1.14350 1.23960 1.27400 1.28860 1.43010 1.47790 1.49160 1.60460 1.63820 1.67740 1.70760 1.82880 1.87180 1.90440 1.93910 2.02550 2.08650 2.18420 2.23010 2.31900 2.37980 2.43390 2.48360 2.56130 2.63310 2.70930 2.74700 2.84300 2.88820 2.95720 3.02230 3.08830 ;
52,0.03520 0.04720 0.12320 0.27210 0.28710 0.41790 0.44720 0.47420 0.48660 0.51610 0.59120 0.67630 0.75810 0.80570 0.93010 0.94850 1.04300 1.10350 1.12060 1.25420 1.27560 1.29480 1.44360 1.47690 1.50790 1.56410 1.61250 1.67590 1.70390 1.81300 1.86760 1.91570 1.95670 2.02790 2.08840 2.16830 2.22690 2.32130 2.37580 2.44780 2.49770 2.58570 2.65260 2.70370 2.73910 2.83960 2.89420 2.94630 3.00930 3.07190 ;
53,0.03490 0.04710 0.12330 0.27140 0.28650 0.41410 0.44800 0.47290 0.48710 0.50810 0.59040 0.68200 0.75500 0.79160 0.93100 0.95970 1.07030 1.10090 1.12640 1.25500 1.27310 1.30660 1.44560 1.48180 1.50630 1.57920 1.62430 1.66710 1.69970 1.82300 1.88080 1.91850 1.94810 2.02180 2.09220 2.15980 2.22960 2.30750 2.37080 2.44410 2.50070 2.56690 2.64350 2.68640 2.79020 2.83000 2.89580 2.95630 3.01050 3.08560 ;
54,0.03430 0.04700 0.12410 0.27030 0.28660 0.41860 0.44960 0.47280 0.48700 0.51580 0.60070 0.65570 0.75090 0.80430 0.92850 0.95060 1.04770 1.10470 1.16060 1.26510 1.27350 1.30140 1.42740 1.49280 1.51300 1.58400 1.60910 1.67270 1.69900 1.81760 1.87300 1.91570 1.94450 2.02580 2.09050 2.16560 2.22010 2.32070 2.38380 2.43250 2.50500 2.55650 2.64240 2.69250 2.75910 2.81840 2.89400 2.95570 3.00750 3.08050 ;
55,0.03080 0.04690 0.11440 0.27000 0.28510 0.41530 0.44920 0.47170 0.48650 0.51090 0.60580 0.66040 0.74800 0.78220 0.93200 0.95840 1.02810 1.08980 1.11910 1.25040 1.27260 1.28480 1.41150 1.48140 1.51330 1.58970 1.62830 1.68420 1.70060 1.77130 1.88170 1.92770 1.95900 2.04480 2.10620 2.17410 2.22640 2.31870 2.38210 2.42410 2.51720 2.58410 2.66510 2.70290 2.77420 2.82400 2.89590 2.96530 3.01520 3.09210 ;
56,0.03210 0.04690 0.11820 0.26990 0.28550 0.41700 0.45040 0.47330 0.48730 0.51340 0.61050 0.66480 0.75120 0.77880 0.91710 0.95100 1.03510 1.10410 1.13970 1.24970 1.27580 1.29260 1.40330 1.48860 1.50580 1.58140 1.61440 1.67480 1.69520 1.80300 1.87830 1.91880 1.95460 2.05020 2.09010 2.16460 2.24190 2.31010 2.37530 2.45560 2.51770 2.56720 2.63310 2.70100 2.74660 2.84040 2.87960 2.96180 3.01180 3.09010 ;
57,0.03340 0.04690 0.12190 0.27030 0.28570 0.41890 0.44990 0.47310 0.48740 0.51220 0.60060 0.65850 0.74560 0.79210 0.93110 0.94940 1.02920 1.10280 1.13600 1.23330 1.27350 1.28490 1.43770 1.48350 1.50840 1.56640 1.61300 1.67420 1.71000 1.83050 1.85830 1.90820 1.95140 2.01620 2.12250 2.18770 2.23450 2.32440 2.37770 2.44540 2.50490 2.56530 2.65270 2.70280 2.75270 2.81080 2.88940 2.96930 3.00220 3.09660 ;
58,0.03030 0.04680 0.11250 0.26940 0.28350 0.41570 0.45060 0.47180 0.48750 0.50730 0.59730 0.66260 0.74700 0.80600 0.93580 0.95050 1.02260 1.09250 1.12840 1.26350 1.27630 1.30490 1.36880 1.48110 1.51640 1.59690 1.62600 1.67220 1.70350 1.80540 1.86590 1.90510 1.95260 2.01690 2.09710 2.18910 2.23000 2.30350 2.39450 2.44390 2.50750 2.55580 2.64750 2.71680 2.76660 2.83240 2.89420 2.95490 3.01970 3.08950 ;
59,0.03220 0.04690 0.11890 0.26910 0.28400 0.42330 0.45050 0.47440 0.48700 0.51530 0.58460 0.68060 0.74870 0.80080 0.93430 0.95120 1.02150 1.10130 1.15690 1.25690 1.27760 1.29880 1.39070 1.48660 1.51190 1.57520 1.61750 1.67550 1.70080 1.78840 1.87500 1.91490 1.95090 2.01900 2.08870 2.17890 2.21930 2.29490 2.38350 2.44120 2.51750 2.58120 2.65150 2.71320 2.76300 2.81600 2.89150 2.94950 3.02590 3.09710 ;
60,0.03440 0.04710 0.12700 0.26870 0.28440 0.41940 0.44990 0.47350 0.48690 0.51820 0.60200 0.65780 0.74880 0.78410 0.92350 0.94900 1.02950 1.10920 1.14050 1.25490 1.27670 1.30140 1.43730 1.49330 1.51350 1.57550 1.60570 1.67450 1.70440 1.82940 1.86320 1.90070 1.93060 2.00630 2.09190 2.17140 2.22260 2.31390 2.37510 2.44300 2.51090 2.58110 2.62290 2.70180 2.74590 2.82770 2.87990 2.95530 3.02310 3.06410 ;
61,0.03380 0.04750 0.12630 0.26960 0.28380 0.41640 0.44480 0.47280 0.48340 0.52530 0.59050 0.67950 0.75660 0.79020 0.93650 0.95300 1.01630 1.09620 1.14350 1.23530 1.27560 1.30690 1.39870 1.48920 1.51210 1.57570 1.60950 1.65050 1.71400 1.83340 1.86010 1.89780 1.93220 2.03020 2.09090 2.17280 2.20220 2.30140 2.38540 2.45190 2.51990 2.57890 2.64700 2.71210 2.76070 2.80550 2.88830 2.94660 3.01170 3.08880 ;
62,0.03440 0.04770 0.12920 0.26920 0.28550 0.41520 0.44650 0.47320 0.48440 0.52970 0.60230 0.66550 0.75220 0.78310 0.92640 0.95700 1.01570 1.08930 1.13560 1.24310 1.27810 1.30810 1.38300 1.49330 1.51440 1.58570 1.61530 1.65290 1.70600 1.83120 1.86110 1.90190 1.93250 2.04450 2.09420 2.17390 2.21280 2.29750 2.36190 2.42190 2.50400 2.56450 2.63140 2.70770 2.76590 2.84100 2.88710 2.95680 2.99640 3.06470 ;
63,0.03470 0.04780 0.13060 0.26940 0.28370 0.41440 0.44410 0.47280 0.48260 0.52820 0.58800 0.68680 0.76080 0.79350 0.93590 0.95070 1.04890 1.10350 1.15190 1.23700 1.27210 1.28610 1.39040 1.49400 1.51560 1.59480 1.62020 1.67190 1.69780 1.83010 1.86260 1.89720 1.92480 2.04810 2.10720 2.17850 2.21160 2.27900 2.36470 2.42950 2.50970 2.56810 2.62700 2.71190 2.74520 2.82180 2.89110 2.94540 3.01840 3.08350 ;
64,0.03400 0.04800 0.12660 0.26880 0.28270 0.41340 0.44320 0.47260 0.48280 0.53170 0.59120 0.65910 0.75170 0.79560 0.92970 0.95350 1.04370 1.09470 1.12310 1.25510 1.27740 1.30740 1.34920 1.47730 1.50850 1.57370 1.62320 1.67390 1.71010 1.83380 1.86430 1.89770 1.93310 2.04480 2.10470 2.18110 2.20210 2.28340 2.36700 2.45720 2.49420 2.57920 2.63160 2.68280 2.74420 2.81350 2.88720 2.95750 3.03990 3.08550 ;
65,0.03530 0.04830 0.13220 0.26900 0.28190 0.41390 0.44280 0.47160 0.48230 0.52990 0.59380 0.65390 0.75450 0.78340 0.92790 0.95610 1.07210 1.09850 1.13930 1.25810 1.27370 1.30220 1.38490 1.49140 1.51010 1.57740 1.61720 1.65890 1.70310 1.83040 1.86280 1.89560 1.92500 2.01840 2.09610 2.17670 2.22460 2.30850 2.37480 2.41300 2.51700 2.57370 2.64960 2.71410 2.76390 2.81740 2.88440 2.95630 3.01480 3.08940 ;
66,0.03330 0.04830 0.12350 0.26900 0.27990 0.41450 0.43960 0.47040 0.48070 0.52630 0.58880 0.66390 0.76400 0.78320 0.93350 0.96180 1.04850 1.09720 1.10950 1.25660 1.27470 1.30940 1.38280 1.48470 1.51760 1.58140 1.62310 1.66850 1.70070 1.82760 1.86180 1.89750 1.92850 2.03750 2.09100 2.17220 2.20670 2.28310 2.36790 2.44780 2.51360 2.57470 2.64560 2.70300 2.74250 2.82200 2.88610 2.95870 3.02870 3.08450 ;
67,0.03040 0.04830 0.11660 0.26950 0.27980 0.41480 0.43980 0.47030 0.48050 0.52200 0.58740 0.68780 0.76520 0.78590 0.93690 0.95980 1.06470 1.09670 1.11680 1.25650 1.27350 1.29620 1.37790 1.48420 1.51510 1.58630 1.62470 1.66840 1.69190 1.82150 1.86970 1.90130 1.93360 2.02060 2.09050 2.16790 2.21430 2.27890 2.36560 2.42530 2.49050 2.57410 2.63170 2.70330 2.75590 2.82880 2.88520 2.94900 3.00710 3.07370 ;
68,0.03260 0.04850 0.12030 0.26960 0.27970 0.41830 0.44000 0.47120 0.48010 0.52690 0.58920 0.66350 0.76420 0.78320 0.93490 0.95960 1.04760 1.09770 1.11250 1.26200 1.27400 1.30490 1.37310 1.48820 1.52150 1.58730 1.61760 1.67210 1.68790 1.80420 1.86860 1.89990 1.93870 2.02810 2.10260 2.17060 2.20260 2.27820 2.37570 2.42930 2.48980 2.57690 2.63040 2.69190 2.76010 2.83190 2.87420 2.94740 3.01960 3.07010 ;
69,0.03460 0.04850 0.12610 0.26960 0.28080 0.41690 0.44070 0.47190 0.48120 0.53180 0.59040 0.65480 0.76590 0.78110 0.93310 0.95240 1.06480 1.09860 1.13180 1.25440 1.27090 1.29050 1.34800 1.48900 1.52870 1.58960 1.62520 1.67200 1.69290 1.81530 1.87160 1.90130 1.95310 2.04380 2.11460 2.18390 2.22280 2.29090 2.36310 2.43510 2.50860 2.58170 2.64410 2.70550 2.74470 2.83260 2.89090 2.93560 3.00570 3.07650 ;
70,0.03530 0.04820 0.12670 0.26840 0.27980 0.41250 0.43990 0.47070 0.48010 0.52600 0.58510 0.66990 0.76430 0.78340 0.92930 0.95100 1.07510 1.10120 1.14700 1.24410 1.26920 1.28400 1.38730 1.48910 1.50570 1.58730 1.61520 1.67260 1.69020 1.81330 1.87740 1.90030 1.94680 2.04520 2.08920 2.16030 2.21590 2.28060 2.36320 2.43430 2.50390 2.59060 2.63950 2.69750 2.74860 2.82710 2.90130 2.95990 3.00040 3.08360 ;
71,0.03500 0.04820 0.13150 0.26950 0.28120 0.41730 0.44370 0.47260 0.48170 0.54350 0.59600 0.65100 0.75700 0.79170 0.92020 0.94860 1.04660 1.09740 1.11720 1.25130 1.27190 1.30300 1.39630 1.48800 1.50670 1.58690 1.61230 1.67130 1.68900 1.80050 1.88250 1.90600 1.95540 2.04150 2.10730 2.15630 2.22090 2.29200 2.36400 2.45660 2.49460 2.56220 2.64450 2.69400 2.78180 2.83570 2.90300 2.95230 3.00870 3.10010 ;
72,0.03390 0.04820 0.12450 0.26810 0.28000 0.41590 0.44370 0.47220 0.48200 0.53290 0.58580 0.67520 0.76170 0.78720 0.93840 0.96090 1.07150 1.09730 1.15150 1.25410 1.27590 1.30410 1.38080 1.48770 1.50510 1.58610 1.61480 1.66160 1.68750 1.80580 1.87320 1.89610 1.95790 2.05550 2.10490 2.16910 2.20020 2.29570 2.34830 2.44460 2.50180 2.57090 2.63170 2.68300 2.76570 2.81910 2.88750 2.93860 2.99510 3.07510 ;
73,0.03450 0.04830 0.12830 0.26950 0.28030 0.41900 0.44300 0.47220 0.48110 0.53870 0.59180 0.66610 0.75950 0.78980 0.93580 0.96410 1.05810 1.09830 1.13670 1.25520 1.27180 1.30480 1.36840 1.48600 1.49990 1.57940 1.61250 1.66970 1.68760 1.77260 1.88060 1.90030 1.95190 2.05100 2.10020 2.16500 2.21720 2.29000 2.35880 2.41860 2.51320 2.55580 2.62440 2.69750 2.75440 2.82690 2.88100 2.94130 3.01650 3.06170 ;
74,0.03490 0.04810 0.12620 0.26880 0.27980 0.41770 0.44250 0.47090 0.48090 0.53160 0.59030 0.66460 0.76170 0.78320 0.93030 0.95080 1.05950 1.09720 1.12500 1.25440 1.27060 1.29710 1.37790 1.47660 1.50080 1.57360 1.61430 1.65170 1.69920 1.81630 1.87170 1.90340 1.95620 2.03320 2.11730 2.17560 2.21310 2.29790 2.37900 2.44770 2.51800 2.57380 2.64900 2.69970 2.78130 2.82440 2.89450 2.95490 3.00710 3.07310 ;
75,0.03530 0.04820 0.12890 0.26850 0.28050 0.41920 0.44350 0.47150 0.48120 0.53320 0.58130 0.68570 0.76480 0.77440 0.93580 0.95890 1.05090 1.09360 1.10850 1.25160 1.27200 1.29620 1.40570 1.48580 1.50460 1.59440 1.62180 1.67080 1.69430 1.80610 1.87720 1.89930 1.95950 2.05130 2.10310 2.17140 2.20780 2.32020 2.37860 2.44060 2.49370 2.55570 2.63860 2.70190 2.76470 2.81470 2.87970 2.96260 3.02300 3.07860 ;
76,0.03480 0.04790 0.12700 0.26790 0.28060 0.41770 0.44460 0.47110 0.48130 0.52950 0.58440 0.66700 0.76230 0.78390 0.92470 0.95100 1.05900 1.09640 1.12360 1.24270 1.27680 1.30440 1.38880 1.48250 1.49890 1.58210 1.62640 1.67600 1.69430 1.80110 1.87200 1.90070 1.95790 2.04500 2.10730 2.18060 2.21480 2.32590 2.37970 2.43690 2.50110 2.57580 2.63030 2.69190 2.74570 2.82690 2.89510 2.94780 3.00820 3.05700 ;
77,0.03470 0.04800 0.12950 0.26830 0.28000 0.41840 0.44510 0.47140 0.48120 0.53250 0.59140 0.66980 0.75210 0.79300 0.92840 0.95310 1.03920 1.09600 1.12910 1.24620 1.27190 1.29670 1.35830 1.48520 1.50790 1.59670 1.62060 1.67040 1.68520 1.77790 1.86990 1.89430 1.94170 2.01580 2.12900 2.16940 2.22100 2.33100 2.37210 2.44180 2.49280 2.55970 2.62560 2.70930 2.73270 2.81410 2.88210 2.95260 3.02170 3.07770 ;
78,0.03480 0.04780 0.12530 0.26850 0.27900 0.41550 0.44310 0.47030 0.47950 0.52050 0.57290 0.68750 0.76340 0.77760 0.91940 0.95560 1.07590 1.09740 1.13780 1.24810 1.27750 1.30730 1.42710 1.49670 1.52570 1.59610 1.62250 1.66970 1.69090 1.79620 1.87340 1.90200 1.97170 2.05890 2.09390 2.17180 2.23660 2.32860 2.36220 2.44470 2.50810 2.56970 2.62400 2.68560 2.73770 2.81790 2.87700 2.96180 3.01730 3.07090 ;
79,0.03450 0.04810 0.12870 0.26870 0.27980 0.41760 0.44410 0.47090 0.48020 0.52840 0.58640 0.67270 0.75950 0.79140 0.93400 0.95570 1.04880 1.09590 1.12910 1.23720 1.27130 1.29460 1.42080 1.49630 1.51440 1.59470 1.61780 1.66460 1.68410 1.77530 1.87280 1.90610 1.94690 2.02920 2.11690 2.19190 2.23060 2.31260 2.36920 2.44380 2.49970 2.56630 2.62280 2.69420 2.76730 2.81820 2.89380 2.96200 3.01970 3.07050 ;
80,0.03500 0.04810 0.12860 0.26850 0.27980 0.41800 0.44340 0.47010 0.47980 0.52920 0.59630 0.66830 0.76060 0.78090 0.91550 0.96040 1.06410 1.09900 1.12200 1.24840 1.28170 1.31330 1.38570 1.49290 1.52910 1.60350 1.62260 1.67220 1.68650 1.77480 1.87050 1.90620 1.93910 2.02200 2.09370 2.16680 2.19690 2.29390 2.36250 2.42720 2.51730 2.57290 2.63260 2.70650 2.76330 2.83020 2.87950 2.94580 3.00410 3.08100 ;
81,0.03520 0.04830 0.12870 0.26920 0.27950 0.41990 0.44370 0.47070 0.48010 0.52910 0.59390 0.67410 0.76380 0.78230 0.91520 0.95450 1.06160 1.09600 1.11420 1.24630 1.27060 1.29660 1.42000 1.49820 1.52690 1.60180 1.62390 1.67760 1.69400 1.77410 1.86740 1.90510 1.94450 2.02910 2.10620 2.16950 2.21850 2.31860 2.35860 2.41950 2.51270 2.58480 2.64990 2.69380 2.75210 2.81160 2.88260 2.94850 3.00680 3.06810 ;
82,0.03540 0.04830 0.13170 0.26970 0.27980 0.41950 0.44300 0.47000 0.48010 0.52530 0.60280 0.67380 0.75620 0.78320 0.92040 0.95220 1.03590 1.09780 1.11880 1.24200 1.27570 1.30840 1.40250 1.47960 1.50700 1.59760 1.62840 1.67280 1.69120 1.79600 1.87110 1.89620 1.94870 2.03030 2.12540 2.17350 2.21920 2.31870 2.38470 2.45850 2.50930 2.57200 2.63320 2.69100 2.73810 2.81120 2.88370 2.96060 3.02620 3.07630 ;
83,0.03460 0.04830 0.12550 0.26900 0.27890 0.41990 0.44190 0.47040 0.47930 0.53330 0.59500 0.67980 0.76530 0.78430 0.92200 0.93760 1.06170 1.10110 1.12540 1.23840 1.27000 1.29660 1.38430 1.48650 1.50680 1.58000 1.61800 1.65990 1.70050 1.81580 1.86870 1.89450 1.96470 2.04400 2.12460 2.17730 2.21570 2.32190 2.36250 2.43770 2.47990 2.56240 2.63200 2.69610 2.74390 2.84710 2.89080 2.97410 3.02940 3.06960 ;
84,0.03540 0.04830 0.13000 0.26890 0.27890 0.41960 0.44290 0.47060 0.48000 0.53270 0.59770 0.67600 0.76320 0.78440 0.92860 0.95200 1.03610 1.10170 1.14720 1.24770 1.27160 1.29810 1.35570 1.48100 1.51050 1.56300 1.62190 1.67460 1.69630 1.80390 1.86860 1.91470 1.96740 2.04490 2.11070 2.17510 2.24200 2.31010 2.35660 2.44630 2.50570 2.58320 2.63470 2.69890 2.74210 2.80910 2.88150 2.94920 3.02400 3.07680 ;
85,0.03370 0.04830 0.12690 0.26870 0.27930 0.41630 0.44250 0.47000 0.47990 0.52610 0.59240 0.67050 0.76300 0.78610 0.92340 0.94220 1.06350 1.10250 1.15370 1.25740 1.27230 1.30240 1.37740 1.49470 1.51500 1.58560 1.61660 1.65880 1.68730 1.78090 1.87740 1.90250 1.97330 2.04900 2.10390 2.16780 2.21730 2.30030 2.36240 2.42510 2.49720 2.55700 2.64200 2.70750 2.75300 2.81230 2.89020 2.95930 3.02330 3.08040 ;
86,0.03030 0.04810 0.11440 0.26840 0.27870 0.41640 0.44100 0.47030 0.47940 0.52920 0.58090 0.68320 0.76430 0.77790 0.90420 0.96300 1.07800 1.10170 1.13530 1.22910 1.27420 1.29960 1.42980 1.49210 1.51540 1.59610 1.62350 1.66970 1.69010 1.78360 1.87470 1.89930 1.95060 2.04110 2.09290 2.16610 2.21540 2.32020 2.37720 2.44390 2.48820 2.56540 2.63650 2.70560 2.73430 2.82610 2.88690 2.94390 3.01990 3.07150 ;
87,0.03440 0.04830 0.12860 0.26870 0.28000 0.41950 0.44270 0.47080 0.48000 0.53150 0.59140 0.69200 0.76430 0.78600 0.92890 0.96030 1.07690 1.10160 1.13040 1.21880 1.26450 1.28590 1.43550 1.49120 1.51210 1.57480 1.61750 1.66290 1.69980 1.80630 1.87820 1.90830 1.94870 2.02420 2.11490 2.18420 2.22440 2.30820 2.36850 2.42030 2.49430 2.56800 2.62920 2.70350 2.75770 2.81400 2.88490 2.95960 3.01170 3.08370 ;
88,0.03530 0.04810 0.13000 0.26790 0.28020 0.41640 0.44360 0.47110 0.48160 0.53350 0.60150 0.69500 0.76050 0.78500 0.93930 0.95840 1.04050 1.09390 1.13760 1.24430 1.27170 1.29130 1.36120 1.48080 1.52360 1.59000 1.62630 1.67050 1.69930 1.76950 1.87640 1.90860 1.96010 2.03950 2.11060 2.17240 2.21090 2.33220 2.36740 2.43770 2.48010 2.55730 2.63090 2.70940 2.75360 2.81200 2.90310 2.96070 3.01840 3.07510 ;
89,0.03180 0.04790 0.12120 0.26800 0.28060 0.41570 0.44550 0.47110 0.48280 0.52930 0.59840 0.67440 0.75850 0.77520 0.93730 0.95750 1.03880 1.10450 1.13730 1.24700 1.27780 1.30070 1.42870 1.48880 1.51490 1.58100 1.61430 1.67640 1.71610 1.81250 1.86630 1.90130 1.93570 2.04610 2.09510 2.16390 2.21060 2.29280 2.39120 2.44240 2.50200 2.57550 2.61650 2.69880 2.75340 2.80980 2.87490 2.95590 3.00600 3.07710 ;
90,0.03020 0.04780 0.11570 0.26680 0.27930 0.41650 0.44770 0.47260 0.48370 0.53220 0.60130 0.66980 0.75260 0.77910 0.92560 0.95010 1.04230 1.10450 1.13170 1.24920 1.27770 1.30260 1.40440 1.48730 1.52410 1.60190 1.62830 1.67720 1.69860 1.79290 1.86460 1.89450 1.94480 2.05410 2.08770 2.16840 2.20120 2.29480 2.36430 2.44190 2.50280 2.57540 2.62820 2.69570 2.75550 2.81810 2.89430 2.96140 3.00270 3.07020 ;
91,0.02890 0.04780 0.11410 0.26680 0.27930 0.41490 0.44590 0.47130 0.48330 0.53390 0.60910 0.65890 0.75130 0.78170 0.92130 0.95000 1.02550 1.10300 1.12820 1.23790 1.27480 1.31200 1.39130 1.48240 1.49570 1.58520 1.62870 1.67080 1.70480 1.81670 1.86890 1.89620 1.94190 2.05060 2.12570 2.17650 2.20330 2.32050 2.36180 2.43020 2.49740 2.57630 2.63720 2.70420 2.74990 2.81570 2.89750 2.96260 3.01600 3.07730 ;
92,0.03380 0.04800 0.12320 0.26740 0.27980 0.41530 0.44560 0.47110 0.48210 0.53750 0.61110 0.67500 0.75620 0.78260 0.93660 0.96060 1.03860 1.09100 1.15390 1.25290 1.27410 1.29520 1.36660 1.47590 1.49370 1.58710 1.61940 1.66740 1.70230 1.77420 1.86480 1.90470 1.94550 2.03770 2.10160 2.17590 2.19740 2.28390 2.35720 2.43960 2.49630 2.56360 2.63880 2.70270 2.74750 2.83400 2.89140 2.94370 3.01640 3.07880 ;
93,0.03550 0.04790 0.12990 0.26650 0.27980 0.41490 0.44590 0.47130 0.48350 0.53080 0.61040 0.66000 0.75160 0.78500 0.93140 0.95970 1.04500 1.09810 1.15450 1.25980 1.27850 1.30700 1.40020 1.47790 1.49180 1.59170 1.62320 1.67270 1.70870 1.78680 1.86500 1.90020 1.97000 2.06340 2.08670 2.16180 2.19540 2.30470 2.34440 2.44040 2.51380 2.57130 2.63830 2.70350 2.73850 2.82450 2.89050 2.95460 3.02220 3.06130 ;
94,0.03490 0.04780 0.12820 0.26700 0.27980 0.41420 0.44470 0.47050 0.48190 0.52440 0.60160 0.67360 0.75550 0.78190 0.92100 0.94880 1.01990 1.10000 1.14900 1.25490 1.27610 1.30150 1.39050 1.48290 1.49510 1.59140 1.61600 1.65950 1.69110 1.79190 1.87370 1.90130 1.95400 2.05180 2.09160 2.16510 2.22190 2.31330 2.35770 2.43230 2.49620 2.56620 2.61730 2.68930 2.77710 2.82330 2.90370 2.94570 3.02810 3.08160 ;
95,0.03550 0.04800 0.13090 0.26710 0.27990 0.41640 0.44500 0.47160 0.48230 0.53380 0.60830 0.66760 0.74810 0.79970 0.92390 0.94410 0.99800 1.10370 1.14280 1.22170 1.26670 1.29780 1.45140 1.48330 1.50650 1.58110 1.61850 1.66770 1.71250 1.79820 1.85920 1.88580 1.96350 2.06380 2.10650 2.18290 2.21540 2.30580 2.34880 2.43800 2.49150 2.56200 2.63190 2.70750 2.76170 2.82520 2.88140 2.95060 3.03060 3.06630 ;
96,0.03450 0.04790 0.12470 0.26670 0.27940 0.41080 0.44400 0.46930 0.48110 0.52850 0.61020 0.65650 0.75050 0.78250 0.90990 0.94410 1.02410 1.10760 1.13610 1.24670 1.27490 1.31060 1.40330 1.48530 1.50380 1.57970 1.61350 1.66250 1.71110 1.80170 1.86160 1.88890 1.96620 2.04990 2.12180 2.18280 2.21340 2.31870 2.37290 2.44560 2.52780 2.59880 2.66060 2.70920 2.74760 2.82710 2.88880 2.94560 3.01790 3.08070 ;
97,0.03310 0.04790 0.12350 0.26720 0.27890 0.41460 0.44510 0.47040 0.48150 0.53030 0.61140 0.65670 0.74940 0.79020 0.92020 0.94160 1.03940 1.09950 1.13560 1.24290 1.26560 1.28690 1.38510 1.48700 1.50130 1.58010 1.60690 1.65770 1.70110 1.81170 1.86090 1.89080 1.94970 2.04300 2.10570 2.18240 2.21150 2.30920 2.36610 2.43820 2.50690 2.58490 2.63500 2.69830 2.76230 2.82510 2.90080 2.95060 3.01110 3.06750 ;
98,0.03240 0.04800 0.12490 0.26760 0.27950 0.42130 0.44650 0.47190 0.48190 0.53510 0.61310 0.67560 0.75310 0.79780 0.93160 0.95020 1.04450 1.09940 1.14080 1.23590 1.26650 1.28360 1.37070 1.49650 1.52230 1.59850 1.62170 1.66500 1.69150 1.78730 1.86440 1.89250 1.94200 2.03600 2.07050 2.15480 2.23120 2.30990 2.37040 2.44450 2.49760 2.59260 2.62950 2.71040 2.74980 2.82390 2.88950 2.95500 3.00340 3.07770 ;
99,0.03510 0.04800 0.13270 0.26760 0.28080 0.41980 0.44580 0.47170 0.48160 0.53970 0.61510 0.66270 0.73610 0.81340 0.92430 0.94640 0.99230 1.08210 1.16020 1.22940 1.27180 1.29030 1.41500 1.50150 1.52750 1.58610 1.61450 1.66100 1.70120 1.78090 1.86160 1.88730 1.96640 2.05820 2.08850 2.16490 2.23210 2.30790 2.35540 2.43570 2.51680 2.57380 2.63130 2.69590 2.75420 2.81540 2.88310 2.94960 3.01670 3.06870 ;
100,0.03560 0.04840 0.13190 0.26800 0.27920 0.41810 0.44370 0.47120 0.47970 0.53060 0.60740 0.66690 0.74270 0.82900 0.92980 0.94960 0.99560 1.08530 1.14690 1.24150 1.26670 1.28850 1.40070 1.49420 1.53740 1.60460 1.62630 1.67240 1.69730 1.78490 1.86670 1.89410 1.95340 2.05400 2.07830 2.13690 2.24110 2.31370 2.35990 2.43690 2.50640 2.56550 2.64230 2.69410 2.73990 2.80360 2.88660 2.97150 2.99960 3.08540 ;
101,0.03570 0.04820 0.13350 0.26850 0.27940 0.41530 0.44300 0.46980 0.47970 0.52090 0.60250 0.65010 0.73150 0.80720 0.92720 0.94310 1.05420 1.10440 1.14010 1.24290 1.26820 1.29560 1.38140 1.49200 1.53070 1.60270 1.62650 1.67630 1.70110 1.79030 1.85320 1.88920 1.94220 2.04100 2.09670 2.18140 2.20780 2.31350 2.37360 2.44950 2.50160 2.58720 2.63280 2.70860 2.74960 2.81330 2.87170 2.95110 3.01690 3.08640 ;
102,0.03590 0.04840 0.13790 0.26940 0.27990 0.41670 0.44210 0.47050 0.47980 0.52560 0.61330 0.66060 0.73610 0.81320 0.92540 0.94670 1.04560 1.11410 1.16750 1.25410 1.27030 1.29910 1.37120 1.48820 1.51840 1.58550 1.61310 1.65540 1.69610 1.82280 1.86540 1.89600 1.92800 2.03600 2.10440 2.17950 2.19890 2.29130 2.36240 2.42650 2.50630 2.55990 2.64590 2.70550 2.75710 2.81610 2.88160 2.93580 3.02570 3.09390 ;
103,0.03440 0.04860 0.12670 0.26930 0.27810 0.41200 0.44030 0.46870 0.47880 0.51640 0.60780 0.65760 0.72390 0.81290 0.92460 0.94590 1.03880 1.09780 1.15150 1.26220 1.27070 1.30070 1.39470 1.49590 1.51130 1.58930 1.61480 1.66460 1.69670 1.78390 1.85770 1.88740 1.92490 2.02900 2.08460 2.16410 2.21840 2.32120 2.37070 2.44980 2.51250 2.58130 2.64720 2.71380 2.75020 2.82200 2.91480 2.95140 3.01410 3.07230 ;
104,0.03380 0.04870 0.12600 0.26970 0.27840 0.41520 0.44110 0.46950 0.47900 0.52160 0.61350 0.65600 0.73140 0.83940 0.92460 0.94290 1.02550 1.10360 1.13820 1.23290 1.26990 1.28080 1.36970 1.49330 1.51360 1.58350 1.61650 1.67240 1.70400 1.81290 1.87380 1.90050 1.93330 2.03810 2.09930 2.17960 2.20650 2.28250 2.38880 2.43910 2.51190 2.58520 2.63290 2.71130 2.75340 2.81890 2.87580 2.95360 2.99650 3.08730 ;
105,0.03500 0.04880 0.13360 0.27030 0.27930 0.41910 0.44260 0.47140 0.47950 0.53070 0.61200 0.66760 0.75100 0.79210 0.92740 0.94370 1.05460 1.10330 1.15320 1.26210 1.27300 1.29880 1.41260 1.49680 1.51240 1.58420 1.61300 1.66360 1.70760 1.78390 1.86290 1.90280 1.96600 2.06190 2.09450 2.17080 2.20240 2.29800 2.36560 2.41770 2.47100 2.56460 2.62380 2.69310 2.76330 2.80310 2.89160 2.95780 3.00610 3.07340 ;
106,0.03400 0.04880 0.13140 0.27060 0.27940 0.41890 0.44180 0.47110 0.47920 0.52830 0.61160 0.66730 0.73820 0.83610 0.93390 0.95080 1.03270 1.09400 1.14820 1.25770 1.27330 1.30080 1.38820 1.49740 1.51580 1.59820 1.62040 1.67460 1.69840 1.79910 1.86080 1.88950 1.93550 2.05440 2.08490 2.14350 2.22640 2.28840 2.34910 2.42980 2.48820 2.55970 2.62270 2.68080 2.74510 2.80490 2.88020 2.94750 3.02370 3.06510 ;
107,0.03220 0.04870 0.12520 0.27070 0.27900 0.41770 0.44200 0.47120 0.47940 0.52840 0.60900 0.65630 0.70910 0.84610 0.92660 0.94790 0.99480 1.08430 1.14490 1.24910 1.27390 1.28980 1.39370 1.49750 1.52230 1.59620 1.62540 1.67530 1.71710 1.81230 1.86710 1.89960 1.95240 2.04090 2.10440 2.18950 2.24570 2.31420 2.35730 2.43500 2.48550 2.55620 2.64990 2.70510 2.74140 2.81070 2.88370 2.94600 3.01220 3.06800 ;
108,0.03300 0.04870 0.13440 0.27130 0.28090 0.42080 0.44320 0.47240 0.48040 0.53520 0.60750 0.66590 0.74140 0.83050 0.92860 0.94940 1.00450 1.08990 1.12470 1.22240 1.26650 1.27900 1.36610 1.49310 1.52210 1.60110 1.61860 1.66300 1.69290 1.79120 1.87460 1.89770 1.93550 2.01090 2.09490 2.16630 2.24350 2.31610 2.37380 2.43800 2.50370 2.56750 2.63200 2.68960 2.73840 2.81100 2.87000 2.94190 3.02000 3.06850 ;
109,0.03500 0.04840 0.13930 0.27170 0.28190 0.41980 0.44380 0.47240 0.48080 0.53420 0.59950 0.67990 0.75330 0.81220 0.92890 0.94630 1.01810 1.09190 1.11610 1.22680 1.26620 1.28840 1.37370 1.48790 1.50050 1.58160 1.61800 1.68050 1.70180 1.80310 1.87250 1.90760 1.94640 2.03390 2.08820 2.17550 2.23090 2.32080 2.37820 2.43960 2.48420 2.54770 2.63270 2.70050 2.75370 2.82050 2.87610 2.93140 3.02920 3.06050 ;
110,0.03450 0.04830 0.13890 0.27230 0.28320 0.41870 0.44390 0.47180 0.48070 0.53050 0.60540 0.67220 0.74930 0.78790 0.91600 0.95000 0.99240 1.08670 1.11090 1.24810 1.27090 1.28770 1.36710 1.48510 1.50080 1.57960 1.62580 1.67010 1.71070 1.82790 1.86870 1.90630 1.94410 2.04100 2.09230 2.17040 2.23590 2.31080 2.36790 2.43070 2.49840 2.56890 2.62470 2.68770 2.74440 2.81640 2.90170 2.95910 3.00970 3.07680 ;
111,0.03350 0.04830 0.12980 0.27170 0.28130 0.41660 0.44240 0.47160 0.48010 0.52260 0.58840 0.67470 0.76330 0.77690 0.90220 0.94240 1.00940 1.10350 1.12510 1.23410 1.26290 1.29840 1.40470 1.47930 1.49900 1.55240 1.63540 1.69340 1.72220 1.81620 1.86150 1.89830 1.94550 2.02300 2.08670 2.19120 2.21390 2.30280 2.37280 2.43520 2.50250 2.56280 2.63190 2.70410 2.74390 2.81750 2.89650 2.94510 3.02450 3.08310 ;
112,0.03350 0.04840 0.13670 0.27150 0.28410 0.41960 0.44450 0.47200 0.48060 0.52590 0.59930 0.68380 0.76280 0.77680 0.91650 0.94570 1.01680 1.09650 1.11290 1.25060 1.26640 1.29930 1.41290 1.49320 1.51670 1.59260 1.61360 1.66990 1.70010 1.79990 1.87800 1.90650 1.97450 2.05900 2.08560 2.14660 2.20780 2.27960 2.34550 2.39930 2.48290 2.57130 2.62870 2.70430 2.73490 2.81470 2.87480 2.97000 3.02880 3.07850 ;
113,0.03470 0.04820 0.13650 0.27100 0.28420 0.41450 0.44430 0.47130 0.48130 0.52050 0.59730 0.68990 0.75950 0.77430 0.90810 0.96220 0.99510 1.09510 1.11170 1.24020 1.27050 1.29190 1.38760 1.48790 1.51480 1.58970 1.62540 1.69380 1.71810 1.80470 1.86420 1.90830 1.95070 2.01850 2.09430 2.16640 2.20870 2.29120 2.35570 2.42700 2.51580 2.56620 2.64060 2.71060 2.74700 2.81780 2.88540 2.95120 2.99900 3.07480 ;
114,0.03530 0.04820 0.14210 0.27150 0.28600 0.41930 0.44640 0.47310 0.48240 0.53110 0.60140 0.70030 0.75920 0.78540 0.93070 0.95550 1.04380 1.10200 1.12840 1.23310 1.26440 1.29780 1.42140 1.48740 1.50650 1.57370 1.60890 1.67810 1.70540 1.78050 1.85590 1.89360 1.94640 2.02120 2.08490 2.16880 2.21140 2.29020 2.36080 2.42540 2.51940 2.57390 2.62630 2.69240 2.74980 2.81790 2.88740 2.93440 3.01310 3.06780 ;
115,0.03510 0.04810 0.13750 0.27090 0.28670 0.41710 0.44770 0.47400 0.48490 0.52740 0.60260 0.67050 0.74720 0.78970 0.92780 0.95310 1.00530 1.09360 1.12860 1.22770 1.26720 1.28400 1.40700 1.49370 1.51070 1.59940 1.61620 1.67890 1.71030 1.80770 1.86450 1.89940 1.94220 2.02020 2.07740 2.14410 2.24270 2.29330 2.37030 2.42360 2.49660 2.57430 2.63200 2.70430 2.72920 2.82980 2.87280 2.95000 3.01830 3.06320 ;
116,0.03550 0.04780 0.13370 0.26990 0.28480 0.41430 0.44620 0.47280 0.48490 0.51390 0.58730 0.69180 0.75630 0.77350 0.92470 0.94990 1.02330 1.09870 1.13250 1.24400 1.26560 1.28730 1.39670 1.49230 1.52280 1.60240 1.62500 1.69040 1.71560 1.82820 1.86310 1.89880 1.96310 2.05850 2.08300 2.13970 2.25060 2.30490 2.36650 2.43300 2.51010 2.57720 2.62960 2.70360 2.75470 2.80040 2.89370 2.94230 3.00760 3.06300 ;
117,0.03490 0.04750 0.12570 0.27060 0.28550 0.41620 0.44830 0.47360 0.48620 0.50930 0.59580 0.68240 0.75280 0.77580 0.90710 0.94040 1.07150 1.09920 1.13430 1.25640 1.26930 1.32020 1.39850 1.49320 1.52930 1.59780 1.61510 1.66710 1.70050 1.74590 1.85570 1.91390 1.95120 2.04630 2.09170 2.18240 2.25070 2.30870 2.37140 2.43720 2.49850 2.56020 2.62120 2.69070 2.74860 2.80690 2.89130 2.96240 3.02030 3.07840 ;
118,0.03540 0.04760 0.12860 0.27180 0.28660 0.41450 0.44780 0.47370 0.48600 0.50850 0.59590 0.68000 0.75050 0.78810 0.91950 0.94080 1.01920 1.09910 1.13570 1.25630 1.26910 1.29870 1.39920 1.48460 1.50520 1.58990 1.62910 1.70030 1.72210 1.81580 1.86380 1.89590 1.96590 2.04370 2.08120 2.16720 2.24590 2.31020 2.36500 2.43250 2.48080 2.56410 2.63010 2.69460 2.75530 2.81600 2.87380 2.95580 3.02600 3.08610 ;
119,0.03540 0.04750 0.12630 0.27340 0.28700 0.41910 0.44630 0.47490 0.48530 0.51120 0.59180 0.69280 0.75460 0.77570 0.91200 0.94370 1.03570 1.09720 1.11540 1.21760 1.27540 1.31630 1.43040 1.48750 1.50600 1.59750 1.62100 1.67920 1.71530 1.76670 1.87030 1.90150 1.94610 2.01580 2.07850 2.16710 2.24710 2.31040 2.37370 2.42910 2.49680 2.56880 2.64860 2.70000 2.75000 2.83830 2.89100 2.94000 3.00710 3.08570 ;
120,0.03590 0.04730 0.12650 0.27360 0.28840 0.41510 0.44420 0.47310 0.48420 0.50490 0.59440 0.69000 0.74820 0.78240 0.91730 0.94390 1.03360 1.09620 1.11270 1.22610 1.26100 1.30200 1.43400 1.48000 1.50390 1.59710 1.62140 1.66610 1.72930 1.79280 1.86680 1.89870 1.96150 2.05280 2.08790 2.16510 2.23310 2.30460 2.38460 2.43160 2.52090 2.58210 2.62740 2.68900 2.75750 2.83170 2.90050 2.96240 3.00260 3.07790 ;
121,0.03290 0.04710 0.11690 0.27270 0.28830 0.41570 0.44410 0.47210 0.48370 0.50040 0.59910 0.67670 0.75560 0.77730 0.91670 0.96430 1.03180 1.09390 1.11050 1.24920 1.26500 1.32950 1.44500 1.48450 1.50250 1.57720 1.60970 1.66590 1.71560 1.79410 1.85570 1.89760 1.97700 2.04570 2.08630 2.15260 2.24090 2.31400 2.38850 2.43350 2.50720 2.57890 2.64340 2.69550 2.74190 2.81960 2.87640 2.94340 3.01760 3.07940 ;
122,0.03310 0.04720 0.11700 0.27150 0.28620 0.41980 0.44610 0.47570 0.48420 0.50750 0.59800 0.67310 0.74590 0.84250 0.93040 0.95040 1.05790 1.10030 1.13610 1.23190 1.26310 1.29050 1.41330 1.48420 1.50620 1.58940 1.60870 1.68770 1.71370 1.76790 1.85830 1.88160 1.94800 2.03670 2.08560 2.14900 2.22320 2.30360 2.36640 2.42800 2.50610 2.56970 2.64240 2.69840 2.75760 2.82380 2.88510 2.94450 3.00890 3.07330 ;
123,0.03580 0.04720 0.12280 0.27030 0.28400 0.41400 0.44500 0.47440 0.48410 0.50340 0.59480 0.67690 0.74260 0.81340 0.93000 0.94840 1.05690 1.09900 1.13410 1.23700 1.26110 1.28980 1.43190 1.48980 1.51770 1.59440 1.61940 1.69370 1.72130 1.76420 1.86020 1.89630 1.95690 2.02780 2.09870 2.14940 2.23070 2.29950 2.38860 2.43380 2.52110 2.56020 2.62720 2.69860 2.76570 2.81070 2.88110 2.94330 3.00820 3.07680 ;
124,0.03340 0.04720 0.11470 0.26980 0.28280 0.41230 0.44380 0.47430 0.48380 0.50750 0.61100 0.66920 0.73100 0.82920 0.93290 0.96060 1.05400 1.10640 1.14780 1.23900 1.26010 1.29310 1.41700 1.48690 1.50490 1.59690 1.62130 1.68770 1.71570 1.78050 1.85960 1.89030 1.96100 2.03040 2.08270 2.14960 2.24590 2.27840 2.38460 2.44660 2.51950 2.57640 2.62820 2.68780 2.75960 2.81100 2.87180 2.95080 3.03260 3.09090 ;
125,0.03470 0.04720 0.11660 0.27110 0.28480 0.41070 0.44280 0.47390 0.48350 0.50990 0.60730 0.66690 0.75940 0.77450 0.94180 0.97580 1.05200 1.09340 1.12150 1.25040 1.27410 1.32180 1.41630 1.49560 1.52790 1.59570 1.61590 1.67040 1.71420 1.78100 1.86600 1.89320 1.97510 2.04390 2.10040 2.17730 2.25830 2.31270 2.36620 2.43140 2.50040 2.58940 2.63540 2.71750 2.76140 2.81310 2.86750 2.93920 3.01870 3.06820 ;
126,0.03590 0.04700 0.12240 0.27160 0.28590 0.40800 0.44280 0.47370 0.48380 0.50540 0.61460 0.68250 0.75140 0.77000 0.92440 0.96000 1.06960 1.10460 1.15700 1.25000 1.26650 1.30030 1.42280 1.48390 1.51520 1.59940 1.61900 1.68680 1.71450 1.75420 1.86080 1.89110 1.97600 2.04780 2.08410 2.15770 2.25590 2.30890 2.36150 2.42840 2.48910 2.58320 2.63070 2.70420 2.75430 2.82610 2.89180 2.94050 3.01540 3.08390 ;
127,0.03560 0.04710 0.12180 0.27060 0.28490 0.41410 0.44480 0.47570 0.48460 0.51540 0.60240 0.66680 0.75040 0.79760 0.92700 0.95950 1.04180 1.09810 1.12780 1.24540 1.26330 1.31910 1.43280 1.48350 1.49990 1.57580 1.61100 1.68690 1.71710 1.76440 1.87310 1.89990 1.97560 2.06150 2.09100 2.16410 2.24940 2.31480 2.36950 2.44150 2.49960 2.58030 2.62020 2.70760 2.74270 2.82050 2.88420 2.94100 3.01310 3.07690 ;
128,0.03600 0.04750 0.12240 0.26800 0.28120 0.40280 0.44600 0.46910 0.48470 0.50270 0.59950 0.69480 0.75120 0.76920 0.90690 0.95810 1.05540 1.10200 1.12180 1.25160 1.26470 1.34850 1.44880 1.49110 1.50920 1.59710 1.62510 1.68500 1.71350 1.75900 1.86850 1.89560 1.96080 2.05230 2.08790 2.16820 2.23520 2.29510 2.38810 2.43040 2.52320 2.58590 2.63630 2.68980 2.75520 2.81130 2.88860 2.96070 3.01190 3.06810 ;
129,0.03630 0.04800 0.12430 0.26720 0.27950 0.39840 0.44420 0.46910 0.48270 0.50760 0.59660 0.69450 0.75210 0.77260 0.93770 0.96640 1.04580 1.09780 1.14010 1.24660 1.26410 1.30460 1.44100 1.48890 1.50790 1.58140 1.62430 1.69070 1.72130 1.75980 1.86810 1.89970 1.98450 2.05860 2.09350 2.17320 2.23070 2.30680 2.36270 2.43880 2.51240 2.58150 2.61730 2.70310 2.74290 2.81340 2.88360 2.94790 3.01760 3.07730 ;
130,0.03590 0.04830 0.12570 0.26740 0.27790 0.40840 0.44230 0.46950 0.47980 0.51890 0.59610 0.68880 0.75240 0.78120 0.93150 0.95660 1.03010 1.11110 1.17130 1.24270 1.26490 1.29030 1.41150 1.48690 1.51090 1.60080 1.62450 1.69530 1.71920 1.76820 1.87520 1.91740 1.98120 2.05210 2.08810 2.12490 2.23520 2.31790 2.36620 2.43730 2.49220 2.56310 2.62850 2.70370 2.75130 2.82380 2.89400 2.94990 3.02160 3.06690 ;
131,0.03610 0.04830 0.12680 0.26730 0.27780 0.40130 0.44020 0.46790 0.47820 0.51190 0.60030 0.68560 0.75250 0.77510 0.92710 0.96310 1.05600 1.10470 1.14340 1.23580 1.26010 1.28220 1.41400 1.48910 1.50740 1.59270 1.61730 1.66100 1.70980 1.82000 1.86830 1.90020 1.95280 2.03810 2.07040 2.14250 2.21740 2.27230 2.38360 2.44850 2.49100 2.58710 2.62890 2.69990 2.75260 2.82720 2.89750 2.95450 3.01970 3.08510 ;
132,0.03390 0.04880 0.12470 0.26930 0.27860 0.40550 0.43840 0.46850 0.47750 0.51780 0.59960 0.71120 0.76030 0.77910 0.93500 0.96110 1.01970 1.10660 1.12960 1.23930 1.26590 1.30650 1.40980 1.48670 1.49730 1.56870 1.62090 1.66420 1.71660 1.76370 1.87100 1.90620 1.97740 2.04270 2.07280 2.15030 2.23330 2.30300 2.37970 2.43340 2.49230 2.57990 2.63860 2.69880 2.72960 2.81090 2.88540 2.95070 3.01880 3.08440 ;
133,0.03240 0.04890 0.12430 0.27010 0.27880 0.40600 0.43760 0.46870 0.47780 0.51450 0.59280 0.70850 0.76390 0.78190 0.92340 0.95430 1.05930 1.09670 1.11790 1.24210 1.27060 1.29190 1.40030 1.48500 1.49730 1.58210 1.62460 1.68120 1.71230 1.74630 1.87050 1.91150 1.98270 2.07120 2.09490 2.16360 2.20440 2.28290 2.36660 2.42720 2.50840 2.56180 2.64740 2.70820 2.75280 2.81210 2.90030 2.94360 3.00740 3.06890 ;
134,0.03590 0.04900 0.13030 0.27030 0.27810 0.40510 0.43760 0.46840 0.47820 0.51440 0.58530 0.70790 0.76010 0.79060 0.94010 0.95860 1.02800 1.08890 1.12450 1.25520 1.26790 1.29110 1.38330 1.48700 1.49940 1.58910 1.61800 1.66880 1.70860 1.76650 1.86260 1.91540 1.96910 2.04410 2.09680 2.17310 2.22050 2.29120 2.35340 2.41790 2.49280 2.57490 2.63110 2.70610 2.74580 2.81600 2.88570 2.95120 3.02810 3.09290 ;
135,0.03650 0.04890 0.13290 0.26950 0.27820 0.40970 0.43920 0.46930 0.47920 0.51910 0.59260 0.69900 0.75990 0.78490 0.93470 0.96390 1.03090 1.09390 1.13810 1.25700 1.27080 1.28690 1.37790 1.48560 1.51150 1.60140 1.62290 1.67030 1.71840 1.76980 1.87860 1.91410 1.97080 2.04610 2.09780 2.17040 2.22220 2.29540 2.34930 2.40340 2.48810 2.57480 2.61990 2.70390 2.75490 2.80850 2.87110 2.93580 3.02980 3.06900 ;
136,0.03570 0.04900 0.12810 0.26910 0.27830 0.41180 0.43930 0.47000 0.47940 0.52350 0.59310 0.70540 0.75820 0.79220 0.94300 0.96250 1.04200 1.09430 1.13150 1.25990 1.27060 1.30270 1.40400 1.48700 1.51420 1.59590 1.62540 1.68510 1.71480 1.74060 1.85860 1.92290 1.96510 2.05860 2.09880 2.16670 2.22090 2.30090 2.36370 2.42090 2.49080 2.58560 2.62580 2.70240 2.74850 2.82450 2.89070 2.94250 3.00380 3.09000 ;
137,0.03500 0.04900 0.12030 0.26880 0.27720 0.41020 0.43850 0.47010 0.47980 0.52490 0.58580 0.70840 0.76490 0.79630 0.94560 0.96490 1.04640 1.09610 1.12710 1.25540 1.27270 1.30260 1.37630 1.48860 1.50060 1.59230 1.61920 1.68770 1.71610 1.78170 1.86440 1.91190 1.96900 2.05450 2.10140 2.16770 2.21720 2.30640 2.37050 2.42960 2.49190 2.57350 2.61320 2.70000 2.76740 2.80720 2.88480 2.94500 3.00840 3.07800 ;
138,0.03290 0.04880 0.11570 0.26840 0.27780 0.40950 0.43560 0.46940 0.47870 0.53410 0.58840 0.71380 0.76490 0.83140 0.93810 0.95700 1.04020 1.10400 1.14950 1.23770 1.26580 1.28290 1.37460 1.48940 1.49940 1.58620 1.61720 1.68930 1.71730 1.77380 1.86690 1.90600 1.96270 2.04200 2.08720 2.17900 2.23150 2.30110 2.36720 2.43030 2.52540 2.57790 2.63620 2.70310 2.73490 2.81730 2.88600 2.94020 3.00020 3.07290 ;
139,0.03490 0.04870 0.12170 0.26850 0.27830 0.40840 0.43610 0.46850 0.47900 0.52900 0.59060 0.68520 0.76030 0.79700 0.93070 0.96210 1.07590 1.10660 1.14770 1.24700 1.26650 1.28880 1.42260 1.49050 1.51250 1.58900 1.61800 1.67360 1.71900 1.79320 1.86800 1.89780 1.95660 2.03260 2.09120 2.15610 2.21960 2.30460 2.35510 2.41150 2.50970 2.57410 2.62930 2.69810 2.75320 2.82230 2.88040 2.94530 3.02220 3.07760 ;
140,0.03650 0.04860 0.13020 0.26740 0.28110 0.40890 0.43800 0.46830 0.48010 0.52360 0.60150 0.70560 0.75270 0.78380 0.92760 0.97420 1.07760 1.10060 1.13370 1.23170 1.27040 1.33570 1.44380 1.48840 1.51190 1.59360 1.63090 1.69110 1.71920 1.75730 1.87870 1.91060 1.96620 2.06540 2.09960 2.18050 2.23970 2.31110 2.35610 2.41950 2.48420 2.57030 2.64100 2.70710 2.73900 2.80530 2.86980 2.95020 2.99990 3.06620 ;
141,0.03520 0.04840 0.12550 0.26670 0.28130 0.41140 0.44000 0.47010 0.48170 0.52200 0.58930 0.73000 0.75810 0.79600 0.94180 0.96240 1.05800 1.09870 1.13470 1.24450 1.26590 1.31120 1.42120 1.48700 1.50690 1.59290 1.62780 1.68990 1.71730 1.75800 1.87040 1.91160 1.95730 2.06020 2.09410 2.16040 2.23560 2.29800 2.34990 2.41900 2.50660 2.57000 2.63450 2.70580 2.74650 2.81890 2.88090 2.95730 3.00960 3.06950 ;
142,0.03640 0.04820 0.12760 0.26630 0.28090 0.41120 0.44180 0.47170 0.48260 0.53130 0.61160 0.68750 0.74320 0.81900 0.94210 0.95800 1.05290 1.10170 1.13840 1.23840 1.26590 1.29580 1.39350 1.48410 1.50650 1.57540 1.62690 1.68790 1.72980 1.80820 1.87180 1.89930 1.95380 2.03080 2.10650 2.18300 2.24170 2.30750 2.36170 2.44220 2.51220 2.58680 2.62680 2.70570 2.75310 2.81620 2.88910 2.93580 3.03470 3.08830 ;
143,0.03600 0.04780 0.11920 0.26490 0.27930 0.40830 0.44340 0.47330 0.48420 0.52650 0.59850 0.69110 0.75090 0.81700 0.94440 0.96470 1.04380 1.09680 1.12020 1.24270 1.27800 1.30640 1.41460 1.48060 1.50500 1.59570 1.61930 1.68190 1.71460 1.74640 1.86810 1.91230 1.95110 2.03000 2.10420 2.16830 2.24990 2.30170 2.37730 2.43110 2.49340 2.58110 2.64150 2.70270 2.74110 2.80090 2.89340 2.93790 3.01880 3.08160 ;
144,0.03540 0.04790 0.11760 0.26570 0.27920 0.40950 0.44510 0.47330 0.48480 0.51930 0.59600 0.71180 0.75310 0.84070 0.94490 0.95950 1.06220 1.09930 1.14400 1.23870 1.26870 1.29070 1.40540 1.48540 1.50880 1.59420 1.61790 1.68390 1.71830 1.75780 1.85860 1.88950 1.93540 2.02130 2.10000 2.14330 2.23870 2.29740 2.37610 2.43420 2.50400 2.57790 2.62290 2.69470 2.74980 2.82150 2.89690 2.95950 3.00830 3.09260 ;
145,0.03620 0.04790 0.12050 0.26520 0.27840 0.40070 0.44390 0.47050 0.48390 0.50910 0.59720 0.72430 0.75680 0.78450 0.94370 0.96380 1.07850 1.10300 1.16250 1.24850 1.26900 1.29420 1.40620 1.48360 1.50140 1.59790 1.62230 1.69030 1.71710 1.77120 1.86130 1.89700 1.93940 2.02060 2.10290 2.15540 2.27030 2.32700 2.36130 2.42800 2.48400 2.56570 2.60680 2.68190 2.75860 2.84680 2.90880 2.95310 3.01560 3.07880 ;
146,0.03640 0.04800 0.12440 0.26610 0.27890 0.40360 0.44220 0.47020 0.48300 0.51260 0.61590 0.69070 0.73960 0.84020 0.94340 0.95720 1.03450 1.08860 1.12530 1.26170 1.28430 1.31800 1.42740 1.49110 1.51220 1.60170 1.62560 1.67060 1.71930 1.74050 1.86710 1.91510 1.94870 2.03830 2.09450 2.15010 2.24010 2.31650 2.36930 2.43180 2.50720 2.58310 2.64420 2.69120 2.74660 2.80420 2.87930 2.96120 3.01420 3.08080 ;
147,0.03350 0.04590 0.15760 0.27030 0.28680 0.41330 0.44780 0.47240 0.48590 0.53260 0.60840 0.69440 0.75130 0.80520 0.89710 0.97480 1.02650 1.09140 1.11340 1.24220 1.26830 1.30890 1.41700 1.47580 1.48590 1.58940 1.63770 1.67990 1.72900 1.74710 1.86510 1.91730 1.97340 2.06050 2.10160 2.16760 2.25160 2.30950 2.35990 2.42790 2.49640 2.58320 2.62020 2.69230 2.74420 2.81220 2.89920 2.96020 3.02450 3.07430 ;
