0.517483   320.271614   1857.567837   2789.209669   3344.614686
0.642483   319.635833   1859.412901   2784.896109   3358.811548
0.767483   317.404563   1859.245880   2770.237952   3378.953346
0.892483   315.621528   1854.861367   2753.104390   3374.511933
1.017483   316.852411   1843.979941   2744.639795   3352.808616
1.142483   324.561166   1833.021413   2747.194638   3327.753272
1.267483   325.709550   1820.427114   2736.395317   3317.422968
1.392483   325.242209   1818.267318   2724.232923   3332.971095
1.517483   326.673648   1820.055042   2701.090592   3325.021504
1.642483   328.366693   1833.158089   2717.050374   3320.271119
1.767483   327.977601   1848.523584   2741.419018   3328.186553
1.892483   327.022180   1861.612632   2748.493158   3329.151241
2.017483   326.942656   1872.271131   2738.310602   3330.830570
2.142483   327.281753   1879.429366   2755.453646   3339.387188
2.267483   274.920601   325.121177   1888.061387   2713.055443
2.392483   205.373245   322.841137   1890.327197   2629.075715
2.517483   323.273342   1882.622625   2513.344446   3309.397903
2.642483   322.061585   582.889399   1869.444869   2444.551118
2.767483   321.300065   855.248746   1854.570584   2381.834102
2.892483   320.283308   1852.544101   2347.265458   3296.645117
3.017483   320.767432   1843.951082   2294.972738   3286.464412
3.142483   318.780030   1836.483286   2270.248421   3287.207821
3.267483   315.200475   1829.777037   2282.370999   3302.379699
3.392483   313.658628   1832.538412   2283.247565   3304.888762
3.517483   314.682161   1837.551885   2286.350211   3294.648236
3.642483   315.168763   1836.535938   2288.722995   3295.835696
3.767483   313.448191   1840.177882   2291.852273   3303.656019
3.892483   314.025302   1839.537736   2288.288010   3305.866246
4.017483   317.317830   1831.765733   2268.349651   3297.007654
4.142483   319.199160   1844.968682   2270.007936   3304.625753
4.267483   320.875043   1849.768309   2251.744281   3295.566516
4.392483   320.249733   1835.268075   2245.496982   3298.667750
4.517483   321.760985   1832.160858   2234.760168   3294.869521
4.642483   322.191443   1846.690115   2244.195406   3303.826663
4.767483   322.565526   1860.726204   2256.974408   3302.169428
4.892483   322.787074   1864.259382   2264.806878   3305.514226
5.017483   320.784362   1852.231080   2221.956760   3307.695287
5.142483   323.302665   1777.873025   2079.049819   3307.334934
5.267483   330.382157   1536.648982   1616.474135   2015.217579
5.392483   338.369625   1423.906550   1524.424631   2012.600005
5.517483   342.883952   1291.096359   1477.454116   2041.948173
5.642483   349.058581   1196.540694   2065.169018   3231.189575
5.767483   354.586274   1043.288377   2073.395730   3170.857724
5.892483   361.185978   912.986086   2117.884732   3077.800575
6.017483   360.398592   791.199336   2297.038219   2951.586278
6.142483   346.535717   686.264641   2299.818119   2878.701785
6.267483   342.961413   671.823471   2294.518706   2862.266477
6.392483   341.425186   674.769733   2298.424870   2897.768365
6.517483   342.202071   678.928283   2291.214760   2910.684078
6.642483   343.088671   685.810572   2280.554843   2935.374884
6.767483   343.597755   688.198098   2280.652725   2955.529200
6.892483   342.934793   682.259350   2296.128699   2965.970135
7.017483   346.529818   681.066777   2274.005806   2898.081412
7.142483   348.702731   682.312597   2281.854777   2893.142605
7.267483   350.995525   689.018715   2279.473492   2935.875603
7.392483   350.915515   690.809491   2379.488614   2467.766531
7.517483   354.310192   693.178859   2280.019382   2412.509052
7.642483   355.943932   690.273652   2120.760566   2458.244245
7.767483   359.766741   692.509080   2077.447034   2482.575898
7.892483   369.611869   703.285773   2519.656569   2642.570966
8.017483   389.404125   724.806614   2559.637003   2956.815543
8.142483   419.426949   769.436232   2504.867202   2975.868572
8.267483   439.403138   784.256263   2480.052500   2971.561795
8.392483   455.737986   783.045398   2481.278625   2991.497700
8.517483   469.265775   795.194405   2476.069485   3054.961516
8.642483   480.116200   794.409990   2444.854491   3101.953214
8.767483   484.866475   777.567805   2427.585197   3149.445515
8.892483   487.375967   781.787287   2408.027240   3204.048293
9.017483   489.661533   784.896065   2396.240074   3202.653375
9.142483   489.211789   787.631558   2400.785064   3216.723166
9.267483   490.308176   798.969534   2413.683681   3235.484433
9.392483   492.149030   818.886171   2410.364598   3260.042468
9.517483   496.208542   828.476773   2412.658626   3230.312020
9.642483   497.116337   827.956049   2426.567765   3220.321245
9.767483   497.721567   827.870443   2441.360180   3219.310159
9.892483   500.602117   828.127514   2459.439046   3224.195461
10.017483   496.963584   826.272818   2486.774321   3240.499708
10.142483   505.003253   842.152431   2482.677543   3256.750458
10.267483   494.921096   836.149530   2474.026163   3207.253018
10.392483   474.690299   794.037358   2484.866331   3206.249378
10.517483   465.930914   766.985610   2498.367010   3206.417080
10.642483   466.225458   760.663616   2468.144353   3188.845783
10.767483   466.954426   751.724842   2433.786764   3145.754660
10.892483   474.006727   748.079959   2433.663008   3127.400520
11.017483   487.164781   786.916454   2433.598324   3145.783646
11.142483   496.217924   833.558426   2411.072913   3191.858380
11.267483   502.601540   850.570796   2399.579971   3244.164526
11.392483   506.488236   855.387395   2394.943041   3260.197247
11.517483   510.728478   856.734392   2393.746422   3258.436048
11.642483   518.664666   854.248744   2403.563744   3249.082659
11.767483   538.430435   851.064442   2446.637347   3283.081888
11.892483   563.005586   861.389407   2460.843409   3327.765867
12.017483   577.289061   883.177131   2439.991836   3336.240103
12.142483   572.616011   885.120032   2416.379229   3309.815845
12.267483   568.000796   870.483825   2432.658965   3302.527788
12.392483   565.514582   871.792769   2441.724247   3299.647103
12.517483   565.921460   874.012592   2446.714178   3308.868533
12.642483   568.888470   884.267465   2447.694922   3337.987346
12.767483   571.291797   892.172282   2461.413606   3325.743567
12.892483   561.244662   888.212557   2461.227029   3325.414051
13.017483   560.658922   889.117283   2459.583991   3329.548453
13.142483   564.958201   920.969737   2433.542962   3317.196342
13.267483   567.547841   926.183699   2443.548248   3317.866717
13.392483   566.552964   899.307322   2450.475053   3318.506009
13.517483   567.230885   872.123114   2480.421847   3336.307851
13.642483   570.152737   873.645103   2492.481974   3342.203507
13.767483   579.608048   883.683286   2509.931690   3334.710088
13.892483   598.432221   912.420694   2512.355498   3338.293357
14.017483   622.449437   973.647002   2513.700261   3365.216565
14.142483   640.130751   1023.208491   2521.127091   3381.963756
14.267483   653.774564   1074.824863   2520.610374   3385.871206
14.392483   662.340993   1123.756223   2521.108644   3384.949613
14.517483   670.195884   1153.609254   2537.523304   3383.742618
14.642483   676.883265   1153.354703   2545.456740   3392.260505
14.767483   679.374919   1144.988909   2550.436787   3403.167806
14.892483   680.033737   1140.666496   2542.664492   3409.579061
15.017483   680.192338   1135.560173   2527.944288   3403.688779
15.142483   679.635372   1135.247235   2516.844714   3412.616555
15.267483   677.274888   1133.370200   2523.446271   3402.760631
15.392483   677.059068   1138.383357   2519.874833   3397.084399
15.517483   677.161284   1131.548194   2510.849762   3391.587538
15.642483   678.675181   1131.876729   2485.990683   3396.414924
15.767483   678.160006   1135.715591   2494.095259   3389.015252
15.892483   677.861224   1136.617720   2506.580644   3389.197565
16.017483   676.794224   1133.411666   2514.540533   3388.378814
16.142483   676.764173   1131.614544   2514.466790   3391.146164
16.267483   676.752736   1131.070723   2533.221204   3395.758479
16.392483   676.630488   1128.902512   2554.538183   3394.944609
16.517483   676.316862   1124.289881   2590.747385   3395.705067
16.642483   676.314792   1123.409181   2612.781007   3395.914051
16.767483   676.569583   1130.083024   2578.048961   3386.875120
16.892483   676.676968   1154.406194   2534.858486   3379.365542
17.017483   674.955386   1174.182294   2514.102503   3377.959929
17.142483   672.710180   1195.998186   2489.061087   3382.251296
17.267483   672.513059   738.170110   1228.316146   2449.090259
17.392483   673.281877   1272.773553   2425.531930   3396.532525
17.517483   671.008962   1323.065950   2402.048760   3386.924038
17.642483   661.953128   1350.440145   2374.825750   3377.299569
17.767483   646.754267   1372.064864   2364.466603   3384.043208
17.892483   452.764672   621.698369   1424.592083   2382.578014
18.017483   599.119252   1478.847364   2392.054029   3401.552471
18.142483   603.432324   1480.096932   2385.396048   3391.888006
18.267483   604.823493   1464.166434   2365.953919   3394.016474
18.392483   607.961329   1471.554111   2366.314382   3387.235794
18.517483   613.098670   1472.824641   2350.359541   3378.939017
18.642483   617.455139   1470.778587   2351.673974   3383.834916
18.767483   619.310463   1469.023032   2343.447300   3375.432553
18.892483   622.442191   1476.220276   2332.866143   3359.628490
19.017483   622.596271   1474.831308   2329.659805   3368.101419
19.142483   620.649713   1478.987963   2343.287745   3360.177108
19.267483   608.884960   1488.978698   2350.739836   3352.659305
19.392483   563.644226   1465.758022   2346.891551   3422.062172
19.517483   566.821741   1474.482147   2364.929816   3415.167249
19.642483   547.368568   579.979258   1485.189286   2373.196670
19.767483   264.229133   590.501958   1500.165938   2381.448283
19.892483   586.469970   1533.055569   2382.395572   3412.151159
20.017483   568.913596   821.806605   1576.021523   2382.972226
20.142483   536.753569   1088.628539   1637.924942   2393.017963
20.267483   518.334757   983.772312   1687.208253   2405.129105
20.392483   513.777327   1698.078140   2398.400914   3417.780332
20.517483   511.279711   1701.005682   2402.481622   3416.853450
20.642483   508.752583   1706.045457   2416.071099   3425.550966
20.767483   505.744368   1716.450786   2451.895153   3435.198750
20.892483   500.484311   1738.079641   2504.955636   3442.551628
21.017483   493.808987   1762.295000   2541.441471   3457.250068
21.142483   486.573117   1769.966487   2555.381585   3470.458170
21.267483   477.213390   1776.831985   2559.934978   3460.871836
21.392483   463.000046   1793.680567   2564.896509   3440.791194
21.517483   456.863273   1806.127390   2550.305277   3427.964597
21.642483   448.890848   1805.673387   2536.387741   3433.885048
21.767483   453.905262   1793.513406   2484.799420   3423.724139
21.892483   461.151423   1781.860507   2459.878574   3407.643373
22.017483   463.423318   1784.355653   2439.587011   3401.559304
22.142483   461.677112   1796.725341   2424.502540   3400.496241
22.267483   461.920971   1791.987673   2400.854017   3386.266741
22.392483   461.878740   1788.171832   2395.902715   3382.589764
22.517483   461.561103   1791.259471   2388.304530   3388.930907
22.642483   463.012559   1792.695583   2372.849980   3381.519052
22.767483   457.161998   1813.375028   2359.041940   3374.506910
22.892483   443.510830   1836.248006   2358.956542   3374.454617
23.017483   423.914815   1853.012842   2366.667956   3385.127073
23.142483   406.425116   1852.731073   2354.732543   3396.032690
23.267483   381.260655   1858.391170   2342.278534   3468.484019
23.392483   364.097380   1875.078324   2325.974906   3490.374251
23.517483   356.463144   1876.169968   2359.187315   3454.101008
23.642483   350.904136   1890.016049   2426.731939   3425.658831
23.767483   345.894466   1897.725293   2485.874278   3412.870495
23.892483   342.065933   1899.638501   2567.735371   3372.390577
24.017483   335.694949   1902.488145   2734.525519   3333.255556
24.142483   330.227730   1903.951893   2983.317193   3335.418816
24.267483   328.251416   1905.076417   3056.752522   3349.383583
24.392483   327.100639   1907.057109   3058.569362   3358.468316
24.517483   322.212514   1914.530425   3081.511878   3373.132282
24.642483   326.322264   1909.877134   3080.814942   3365.476016
24.767483   331.466621   1903.073401   3065.184517   3345.929156
24.892483   330.734424   1897.505951   3069.923558   3341.511879
25.017483   332.030280   1903.187047   3061.684794   3341.647629
25.142483   326.474525   1917.462047   3071.033325   3360.285548
25.267483   319.488796   1917.399643   3070.909074   3369.979838
25.392483   326.873048   1906.530885   3036.533867   3347.174010
25.517483   327.731454   1927.383783   3038.557898   3353.432986
25.642483   323.148877   1920.400031   3046.217967   3354.299077
25.767483   322.956687   1901.505931   3030.155428   3343.295556
25.892483   318.418910   1888.335782   3061.378449   3356.075463
26.017483   319.042059   1888.990448   3035.751363   3337.809930
26.142483   316.845746   1887.844257   3035.571352   3342.763983
26.267483   323.878443   1895.693960   2929.450623   3329.532903
26.392483   323.214494   1888.053211   2995.950967   3361.939232
26.517483   327.185072   1885.550040   2828.850132   3380.964077
26.642483   332.823589   1888.951677   2661.132095   3364.928521
26.767483   333.247535   1895.705657   2594.084436   3360.919163
26.892483   341.367602   1913.032531   2554.118809   3372.864481
27.017483   346.723750   1924.182334   2548.418592   3391.411517
