0.561219   333.378801   2038.248890   2221.854235   2970.992360
0.686219   333.379651   2038.258427   2221.815672   2970.990042
0.811219   333.380000   2038.262797   2221.811715   2970.988915
0.936219   333.377372   2038.260993   2221.798983   2970.989635
1.061219   333.374691   2038.246300   2221.834872   2970.992995
1.186219   333.384339   2038.227507   2221.807967   2970.972217
1.311219   334.022096   2036.302496   2219.419793   2969.182140
1.436219   339.761903   2018.422579   2200.988388   2954.279406
1.561219   350.782514   1983.445000   2186.074343   2932.856869
1.686219   363.688302   1934.772201   2184.047998   2912.140770
1.811219   378.551342   1876.594019   2180.688241   2887.083598
1.936219   391.478287   1813.444308   2171.485995   2862.662574
2.061219   405.583812   1747.728044   2154.598172   2833.996152
2.186219   415.197637   1693.804957   2131.213813   2807.218239
2.311219   419.416024   1633.730144   2092.542859   2772.047396
2.436219   420.279971   1593.169560   2058.557431   2737.505601
2.561219   417.308168   1568.453656   2035.843162   2715.769674
2.686219   416.403607   1553.607626   2030.521488   2711.791382
2.811219   416.408987   1549.855265   2031.058829   2712.884933
2.936219   415.744538   1548.984249   2030.263890   2713.432481
3.061219   415.620559   1548.905325   2030.083224   2713.517958
3.186219   415.616065   1548.903150   2030.079770   2713.518727
3.311219   415.612903   1548.901202   2030.079650   2713.521026
3.436219   415.612850   1548.901174   2030.079997   2713.522327
3.561219   415.614068   1548.902470   2030.079903   2713.520088
3.686219   415.614066   1548.904271   2030.080248   2713.520481
3.811219   415.616459   1548.901601   2030.080751   2713.520333
3.936219   415.653698   1548.858948   2030.133312   2713.528942
4.061219   415.974631   1547.492202   2030.875355   2713.971675
4.186219   416.793570   1534.009294   2034.375191   2719.147113
4.311219   418.501496   1494.253825   2042.769799   2734.740663
4.436219   419.415711   1433.777366   2054.134692   2756.882899
4.561219   419.314224   1362.431214   2067.039812   2783.473977
4.686219   417.151416   1280.542281   2080.464806   2813.599310
4.811219   422.789717   1192.653537   2096.568063   2851.259762
4.936219   437.656319   1090.671406   2115.270423   2890.535535
5.061219   440.450837   980.513170   2135.003471   2920.795694
5.186219   390.210999   875.217028   2152.753626   2959.236250
5.311219   254.722300   850.735659   2160.201343   2977.771323
5.436219   246.054679   849.971937   2160.791927   2978.939216
5.561219   246.010623   849.968695   2160.800846   2978.945307
5.686219   246.002460   849.968629   2160.799920   2978.944909
5.811219   245.989667   849.968599   2160.797578   2978.946094
5.936219   245.964655   849.967819   2160.796661   2978.945907
6.061219   245.984780   849.968174   2160.796786   2978.945439
6.186219   245.991329   849.968404   2160.797495   2978.945502
6.311219   245.988229   849.968463   2160.798229   2978.945443
6.436219   245.996292   849.968665   2160.797680   2978.945698
6.561219   245.998855   849.968819   2160.797558   2978.946094
6.686219   246.015436   849.969163   2160.801368   2978.946537
6.811219   246.025869   849.969790   2160.800060   2978.946539
6.936219   245.995520   849.968812   2160.799932   2978.946405
7.061219   246.160716   849.956688   2160.831224   2978.942818
7.186219   261.427782   849.186378   2163.360254   2978.694117
7.311219   378.685138   843.741584   2188.237009   2976.261976
7.436219   466.091943   837.095311   2235.562882   2971.727133
7.561219   475.409661   802.930562   2268.990080   2968.627588
7.686219   478.563817   752.568290   2300.518946   2965.663311
7.811219   494.734055   727.986401   2332.502420   2963.567226
7.936219   522.955561   712.882071   2345.329055   2963.156749
8.061219   558.161057   691.882870   2344.856077   2962.930854
8.186219   577.141116   679.274934   2344.653424   2962.873794
8.311219   578.200594   678.513934   2344.650886   2962.874768
8.436219   578.202324   678.512123   2344.650622   2962.875564
8.561219   578.198705   678.519140   2344.647269   2962.874721
8.686219   578.211995   678.505665   2344.643137   2962.875193
8.811219   578.189367   678.530382   2344.653861   2962.874981
8.936219   578.185730   678.533139   2344.653836   2962.874755
9.061219   578.195438   678.524090   2344.648622   2962.874509
9.186219   578.186813   678.530483   2344.650775   2962.876107
9.311219   578.209426   678.508326   2344.644344   2962.873303
9.436219   578.214072   678.501274   2344.646699   2962.873753
9.561219   578.200731   678.510777   2344.650863   2962.875084
9.686219   578.186374   678.528824   2344.649483   2962.873799
9.811219   578.176920   678.534553   2344.649183   2962.872116
9.936219   577.093648   679.282465   2344.619115   2962.880834
10.061219   565.903004   686.984692   2344.057545   2962.961633
10.186219   569.346927   687.181150   2341.637988   2962.941491
10.311219   617.331010   676.902512   2333.096752   2963.455885
10.436219   588.707133   819.942420   2314.099692   2963.627532
10.561219   558.290762   908.037689   2295.007959   2961.331411
10.686219   542.070340   929.740120   2277.190866   2962.253582
10.811219   541.483063   951.102921   2252.277697   2968.125816
10.936219   562.311221   982.006327   2224.828257   2976.403793
11.061219   599.230861   1005.480640   2200.291352   2985.901326
11.186219   626.085232   1020.784633   2190.611614   2997.164813
11.311219   637.015903   1036.139541   2192.582947   3010.014674
11.436219   640.922196   1048.667821   2194.794722   3019.493686
11.561219   641.982955   1052.123235   2195.399111   3022.422486
11.686219   642.298258   1052.249113   2195.487515   3022.930561
11.811219   642.317834   1052.247127   2195.493228   3022.969683
11.936219   642.318739   1052.248061   2195.490206   3022.970365
12.061219   642.318935   1052.248273   2195.489430   3022.976257
12.186219   642.318142   1052.246805   2195.492438   3022.976349
12.311219   642.318256   1052.246632   2195.491204   3022.975244
12.436219   642.318683   1052.246790   2195.488997   3022.975962
12.561219   642.318603   1052.246556   2195.490600   3022.971983
12.686219   642.318428   1052.246826   2195.491033   3022.973164
12.811219   642.319091   1052.248582   2195.488865   3022.974972
12.936219   642.318634   1052.247181   2195.490571   3022.976677
13.061219   642.319851   1052.244352   2195.493527   3022.978813
13.186219   642.406904   1052.339303   2195.491585   3023.067174
13.311219   643.051155   1056.688064   2196.010183   3025.563660
13.436219   644.721661   1072.046645   2197.997220   3033.114278
13.561219   645.927127   1084.778927   2199.553668   3036.984850
13.686219   646.049094   1094.537969   2200.720036   3037.299036
13.811219   646.426497   1105.891166   2202.225472   3034.208354
13.936219   648.324964   1116.283688   2203.895007   3027.084201
14.061219   651.284438   1126.464856   2205.798734   3017.566673
14.186219   658.059255   1136.179099   2207.744240   3010.903586
14.311219   664.543175   1146.535081   2209.703176   3005.971276
14.436219   665.945793   1150.675105   2210.399872   3004.308328
14.561219   665.993981   1150.963485   2210.442442   3004.205974
14.686219   665.994285   1150.965956   2210.441884   3004.206733
14.811219   665.994440   1150.966293   2210.443744   3004.205202
14.936219   665.994422   1150.966605   2210.444341   3004.202287
15.061219   665.994333   1150.966727   2210.442715   3004.203869
15.186219   665.994414   1150.966490   2210.442878   3004.206556
15.311219   665.993964   1150.966140   2210.444264   3004.207399
15.436219   665.993790   1150.966203   2210.443392   3004.209772
15.561219   665.994055   1150.965417   2210.444148   3004.211535
15.686219   665.995353   1150.965332   2210.442415   3004.208902
15.811219   666.017391   1150.945999   2210.440802   3004.191500
15.936219   666.072533   1150.902541   2210.423930   3004.197440
16.061219   666.082301   1150.907813   2210.417808   3004.199522
16.186219   665.994351   1150.935838   2210.440765   3004.119960
16.311219   665.663455   1151.045036   2210.443316   3004.079199
16.436219   666.041537   1150.906362   2210.424207   3004.155082
16.561219   666.112862   1150.891595   2210.436279   3004.132996
16.686219   666.163864   1153.577463   2209.327528   3001.621353
16.811219   668.320555   1195.542089   2192.772866   2960.475353
16.936219   662.195126   1261.297893   2171.586670   2887.762665
17.061219   660.115356   1279.376204   2166.346598   2865.354727
17.186219   660.355352   1290.785720   2162.923801   2854.501228
17.311219   659.574828   1316.723587   2154.562034   2830.786976
17.436219   657.448061   1353.897922   2141.017360   2795.477954
17.561219   655.293992   1380.330714   2130.330568   2768.979535
17.686219   654.339765   1388.752807   2126.633418   2760.587500
17.811219   654.268877   1389.476475   2126.307909   2759.983483
17.936219   654.268993   1389.495481   2126.303646   2759.973001
18.061219   654.269303   1389.496522   2126.303785   2759.974000
18.186219   654.269599   1389.495184   2126.303565   2759.971928
18.311219   654.269852   1389.494437   2126.303485   2759.970617
18.436219   654.270707   1389.495136   2126.303961   2759.977320
18.561219   654.270714   1389.495901   2126.304253   2759.980986
18.686219   654.269731   1389.502834   2126.301923   2759.964962
18.811219   654.202956   1390.226064   2125.992629   2759.168924
18.936219   653.445259   1400.228614   2121.601191   2749.300587
19.061219   649.169887   1432.667043   2107.603930   2719.590033
19.186219   638.551741   1473.819296   2088.790560   2679.997440
19.311219   625.297043   1510.674346   2071.698524   2644.457011
19.436219   619.889444   1529.685937   2063.904925   2631.792611
19.561219   621.417825   1533.067456   2061.184108   2634.624286
19.686219   623.302979   1533.973071   2059.357190   2638.635358
19.811219   625.689031   1534.969787   2057.249455   2643.535554
19.936219   628.781754   1536.134173   2055.031702   2648.993615
20.061219   632.480345   1537.377512   2052.527827   2655.251572
20.186219   635.450977   1538.994644   2048.991231   2662.634029
20.311219   639.173924   1540.520888   2045.653944   2670.422416
20.436219   641.773571   1541.937529   2042.267900   2677.635113
20.561219   643.620827   1543.351743   2038.433937   2684.832549
20.686219   645.263394   1544.490003   2035.590545   2690.307516
20.811219   646.631328   1545.020422   2034.865542   2692.663142
20.936219   647.106253   1545.151663   2034.887302   2693.110983
21.061219   647.126498   1545.160684   2034.890518   2693.128633
21.186219   647.125762   1545.159812   2034.891106   2693.127712
21.311219   647.126133   1545.158678   2034.891136   2693.123025
21.436219   647.126709   1545.158356   2034.890193   2693.120794
21.561219   647.126446   1545.159189   2034.890318   2693.123625
21.686219   647.126979   1545.156328   2034.887194   2693.134025
21.811219   647.102609   1545.169378   2034.783606   2693.370632
21.936219   645.155996   1547.543280   2036.577419   2696.080608
22.061219   622.371937   1567.682556   2061.423076   2706.495950
22.186219   572.799528   1619.550916   2126.223196   2726.874307
22.311219   547.577363   1674.992583   2189.993625   2747.847343
22.436219   525.095077   1730.306425   2237.808641   2768.060391
22.561219   464.729793   1796.093003   2270.050914   2800.532486
22.686219   422.454186   1854.769915   2288.842744   2851.181043
22.811219   403.338805   1924.711779   2279.826174   2907.508815
22.936219   362.488361   2005.303983   2235.716004   2950.551946
23.061219   335.593995   2036.098064   2222.514205   2969.256994
23.186219   333.396472   2038.243904   2221.838929   2970.975849
23.311219   333.381231   2038.265900   2221.802968   2970.988295
23.436219   333.381226   2038.258386   2221.821514   2970.990672
23.561219   333.382033   2038.268288   2221.799222   2970.990414
23.686219   333.379640   2038.268715   2221.815391   2970.991529
23.811219   333.381346   2038.265440   2221.850207   2970.991168
23.936219   333.380445   2038.259922   2221.839425   2970.991599
24.061219   333.375278   2038.254057   2221.828013   2970.991811
24.186219   333.375169   2038.254433   2221.849711   2970.992062
24.311219   333.380416   2038.262888   2221.833640   2970.990646
24.436219   333.378058   2038.260828   2221.817422   2970.990863
24.561219   333.377206   2038.247444   2221.860848   2970.992960
24.686219   333.383769   2038.265580   2221.843180   2970.988907
24.811219   333.381991   2038.269328   2221.814611   2970.988561
24.936219   333.376994   2038.256669   2221.809275   2970.990849
25.061219   333.377758   2038.255234   2221.824681   2970.991107
25.186219   333.382641   2038.260404   2221.808587   2970.990685
25.311219   333.378521   2038.257981   2221.805850   2970.991342
25.436219   333.378058   2038.263242   2221.822615   2970.990893
