0.517885   311.878053   1645.364733   2086.125958   2953.897808
0.642885   312.302561   1638.810066   2087.199492   2955.351736
0.767885   312.517182   1631.726732   2088.444894   2956.717704
0.892885   312.507359   1624.670910   2089.792358   2957.915931
1.017885   312.280269   1617.667046   2091.224144   2958.950264
1.142885   311.875335   1610.749502   2092.707622   2959.803061
1.267885   311.296849   1604.566918   2094.178683   2960.460653
1.392885   310.579442   1599.721852   2095.477713   2960.870551
1.517885   309.790913   1595.822815   2096.569612   2960.968589
1.642885   308.997871   1592.039687   2097.737288   2960.831559
1.767885   308.239169   1588.616151   2098.835934   2960.643215
1.892885   307.506175   1585.756868   2099.739608   2960.277397
2.017885   306.689159   1583.200756   2100.591322   2959.800674
2.142885   305.908661   1581.379205   2101.327269   2959.270317
2.267885   305.348937   1579.500511   2101.383163   2955.757056
2.392885   305.301173   1568.132536   2101.313386   2937.968586
2.517885   305.504379   1551.716673   2102.519335   2910.789654
2.642885   308.664402   1559.572354   2097.967296   2885.770703
2.767885   311.894978   1547.201804   2093.195222   2868.182781
2.892885   314.778406   1521.219463   2089.507434   2846.146380
3.017885   320.721310   1503.006385   2080.025236   2820.046469
3.142885   329.017352   1490.605737   2066.275712   2790.452530
3.267885   338.185444   1482.856305   2051.321892   2761.402230
3.392885   348.124829   1471.562900   2039.696032   2733.067510
3.517885   352.679786   1454.636860   2038.610785   2728.166790
3.642885   353.870257   1448.744554   2039.648169   2728.140289
3.767885   353.429754   1447.890546   2039.844891   2726.384230
3.892885   352.413027   1447.692097   2039.859059   2724.439284
4.017885   350.909057   1448.036687   2039.659400   2722.552595
4.142885   347.712709   1450.252998   2038.786910   2720.785502
4.267885   345.101930   1454.805520   2037.521697   2717.733906
4.392885   344.071068   1459.784247   2036.570928   2713.616238
4.517885   343.432074   1463.166807   2035.918488   2710.390285
4.642885   342.305059   1464.890920   2035.371249   2708.369480
4.767885   340.716706   1465.937739   2034.878334   2707.374321
4.892885   339.163040   1467.015729   2034.328799   2706.514836
5.017885   337.838174   1468.155063   2033.822716   2705.826418
5.142885   336.974756   1469.682227   2033.233409   2705.928631
5.267885   339.901460   1474.442351   2032.760826   2714.697894
5.392885   346.294154   1467.010300   2034.451386   2730.896592
5.517885   347.052881   1409.074811   2040.446410   2754.758285
5.642885   346.249465   1337.988944   2052.865695   2787.609136
5.767885   349.125419   1295.487361   2064.003594   2814.108634
5.892885   352.425307   1226.074200   2076.012273   2856.084435
6.017885   356.515829   1131.582307   2091.298827   2900.295112
6.142885   358.669651   1031.491335   2105.349344   2920.079417
6.267885   358.208244   917.625816   2116.505517   2932.868658
6.392885   353.120671   888.377726   2128.832074   2947.457409
6.517885   352.745318   886.889627   2131.823068   2952.158618
6.642885   351.467839   886.826003   2132.462518   2952.617773
6.767885   349.890124   886.759569   2132.912111   2952.660232
6.892885   348.228878   886.697310   2133.324800   2952.382531
7.017885   346.559393   886.636714   2133.808503   2952.038048
7.142885   344.959574   886.583414   2134.222000   2951.561770
7.267885   343.205889   886.550421   2134.521422   2951.007464
7.392885   341.374330   886.541197   2134.860967   2950.405860
7.517885   339.601317   886.558071   2135.077523   2949.845543
7.642885   338.026897   886.577162   2135.426243   2949.008108
7.767885   336.849902   886.522735   2135.683458   2948.133771
7.892885   339.253450   885.876434   2135.900709   2947.608777
8.017885   346.636061   886.406338   2131.259140   2944.261958
8.142885   348.561540   887.669883   2128.243314   2943.336151
8.267885   350.352452   887.691581   2128.244287   2944.623932
8.392885   351.968830   887.613961   2128.498355   2946.042231
8.517885   353.242587   887.511719   2128.878969   2947.431620
8.642885   354.079131   887.398429   2129.371868   2948.735759
8.767885   354.471672   887.287867   2129.922724   2949.881381
8.892885   354.384317   887.181263   2130.518844   2950.847344
9.017885   353.918683   887.052610   2131.222560   2951.615258
9.142885   356.671119   886.546656   2134.473036   2951.598978
9.267885   381.366462   881.256599   2146.128589   2948.881257
9.392885   422.403546   849.609621   2156.589177   2944.935849
9.517885   453.254450   804.420082   2163.053201   2941.141340
9.642885   477.449408   760.714368   2172.443130   2936.592444
9.767885   492.968520   730.843995   2186.058152   2931.446262
9.892885   492.713772   739.134054   2194.249377   2926.978090
10.017885   484.920998   766.319804   2193.173542   2924.441816
10.142885   480.909980   773.065295   2193.086982   2923.553922
10.267885   479.770300   775.009477   2193.844712   2922.690520
10.392885   478.380684   775.756681   2194.911422   2921.559014
10.517885   475.733177   777.113203   2198.194550   2921.047824
10.642885   476.750922   782.507756   2197.657924   2917.961280
10.767885   482.683571   787.571962   2190.517123   2916.504757
10.892885   483.528248   793.012461   2187.346561   2917.840023
11.017885   478.004812   817.122098   2180.102392   2919.666836
11.142885   478.929699   852.183187   2170.917572   2925.770551
11.267885   500.975524   885.506253   2162.112222   2942.471795
11.392885   545.707120   913.032490   2155.149408   2970.650380
11.517885   574.628714   944.548509   2150.867279   2999.361959
11.642885   584.198874   985.989244   2149.033557   3021.777575
11.767885   586.226294   1023.196763   2148.198001   3019.075817
11.892885   586.589506   1045.061044   2148.264333   2982.057610
12.017885   586.711585   1054.033735   2149.503052   2960.419633
12.142885   586.654568   1055.650329   2150.363621   2954.437954
12.267885   586.629923   1055.251700   2151.239255   2951.399319
12.392885   586.562516   1054.258416   2151.974338   2948.770391
12.517885   586.494109   1053.125934   2152.534846   2945.848381
12.642885   586.396197   1051.939363   2153.068870   2943.034202
12.767885   586.276156   1050.756123   2153.531062   2940.669616
12.892885   586.140727   1049.648118   2154.054670   2937.431060
13.017885   586.015238   1048.526566   2154.582928   2933.908864
13.142885   585.774838   1048.545481   2154.918886   2934.617242
13.267885   585.629278   1053.366151   2150.558764   2942.236379
13.392885   586.377182   1055.567637   2144.779885   2940.026911
13.517885   586.535634   1056.612086   2144.372530   2943.330060
13.642885   586.587855   1057.713400   2144.633626   2947.232278
13.767885   586.824709   1061.493473   2145.170081   2949.391823
13.892885   587.724253   1077.412539   2147.286223   2949.411922
14.017885   588.989996   1105.983155   2151.647125   2954.461700
14.142885   590.785885   1138.245964   2156.942526   2962.827675
14.267885   592.317653   1154.660240   2160.418085   2963.980722
14.392885   592.593798   1156.872123   2161.767214   2963.031768
14.517885   592.622696   1156.596641   2162.736970   2961.792058
14.642885   592.641063   1156.083084   2163.642103   2959.956801
14.767885   592.652570   1155.440860   2164.505190   2957.506437
14.892885   592.659845   1154.727014   2165.468877   2954.606036
15.017885   592.660822   1153.831949   2166.400641   2951.615524
15.142885   592.652020   1152.847316   2167.263101   2948.187420
15.267885   592.611086   1151.797200   2168.100044   2944.110935
15.392885   592.521104   1150.791872   2168.841776   2940.622731
15.517885   592.438547   1149.816768   2169.621518   2936.924651
15.642885   592.367835   1148.601791   2170.469824   2932.957858
15.767885   592.586882   1147.665855   2171.017566   2935.058753
15.892885   593.901750   1148.517744   2167.073309   2955.902181
16.017885   592.971556   1151.737721   2159.021248   2948.784152
16.142885   592.692462   1153.331418   2157.732368   2949.778132
16.267885   592.711126   1154.212743   2157.795704   2953.619563
16.392885   592.649835   1155.014586   2158.106594   2956.985962
16.517885   592.616915   1155.797933   2158.567237   2959.779487
16.642885   592.599250   1156.398597   2159.175485   2961.819621
16.767885   592.588526   1156.805227   2159.907607   2963.007919
16.892885   592.585225   1156.987783   2160.728409   2963.471535
17.017885   592.594203   1156.947372   2161.623122   2963.142720
17.142885   592.618394   1156.663679   2162.582566   2962.051668
17.267885   592.638780   1156.176998   2163.499771   2960.284891
17.392885   592.638593   1155.712123   2164.343361   2957.794308
17.517885   592.327991   1161.611603   2164.563583   2947.651751
17.642885   591.195747   1196.577222   2161.645064   2899.454494
17.767885   589.685867   1252.386522   2159.188591   2833.302240
17.892885   588.223109   1285.491493   2155.510064   2788.615294
18.017885   586.975146   1302.663963   2146.235583   2739.534731
18.142885   585.553858   1322.527675   2128.465728   2669.271626
18.267885   584.283170   1355.002088   2107.787331   2601.678955
18.392885   582.185490   1398.513788   2088.196245   2553.436245
18.517885   579.239739   1433.662800   2072.289836   2554.734958
18.642885   581.562646   1445.391909   2063.050825   2583.285821
18.767885   583.018398   1445.694503   2062.465770   2588.434650
18.892885   583.411441   1445.507669   2063.273460   2589.044843
19.017885   584.074379   1443.994632   2064.585248   2588.665021
19.142885   584.382567   1443.107838   2065.707288   2587.337778
19.267885   584.541939   1442.519079   2066.765577   2584.985014
19.392885   584.634621   1442.107695   2067.771574   2581.722706
19.517885   584.671091   1441.861047   2068.736435   2577.663681
19.642885   584.667997   1441.820436   2069.623808   2572.958660
19.767885   584.612685   1442.028041   2070.429902   2567.560729
19.892885   584.444373   1442.447292   2071.031998   2561.859399
20.017885   584.155589   1442.939092   2071.414711   2556.198924
20.142885   583.814524   1443.446249   2071.753888   2550.478400
20.267885   583.447654   1444.071050   2072.136552   2544.580103
20.392885   583.025556   1444.820721   2072.330798   2538.934341
20.517885   582.297285   1446.396229   2072.114556   2532.925826
20.642885   581.351357   1448.603118   2071.803934   2526.782843
20.767885   580.613868   1451.768294   2070.483759   2520.857138
20.892885   581.214141   1455.126356   2065.059069   2523.902958
21.017885   582.600528   1455.464540   2055.322884   2536.285827
21.142885   582.772443   1455.268702   2044.318096   2567.503026
21.267885   586.068017   1451.854321   2031.466798   2618.914039
21.392885   588.034358   1448.993742   2023.122823   2638.945273
21.517885   586.831769   1452.103244   2021.592915   2658.412935
21.642885   574.224797   1472.879500   2039.139502   2699.764345
21.767885   546.757759   1495.322699   2052.160548   2730.528720
21.892885   536.075673   1500.878561   2054.487708   2738.742098
22.017885   535.456312   1500.689948   2055.969972   2738.910680
22.142885   535.890676   1500.246872   2057.259057   2737.372307
22.267885   536.213692   1500.067795   2058.207297   2735.105404
22.392885   536.347577   1500.190738   2058.824984   2732.038391
22.517885   536.098453   1500.632195   2058.926136   2728.219359
22.642885   535.437568   1501.223021   2058.598493   2724.146014
22.767885   534.624484   1501.810555   2057.943037   2719.704291
22.892885   533.727831   1502.497854   2057.281866   2715.058047
23.017885   532.769530   1503.317863   2056.294531   2710.453098
23.142885   531.421335   1504.113823   2054.843062   2705.773409
23.267885   529.606975   1504.988399   2053.393837   2701.632155
23.392885   526.452866   1506.206798   2051.327616   2698.648802
23.517885   516.038184   1508.066825   2047.425747   2706.323376
23.642885   481.712571   1518.909006   2039.210361   2761.052983
23.767885   434.662423   1559.592696   2027.244849   2823.050769
23.892885   369.730185   1588.861915   2039.315518   2877.843256
24.017885   320.380512   1625.171815   2071.019205   2930.122562
24.142885   311.261958   1650.595835   2084.052603   2950.302679
24.267885   311.609776   1648.124728   2085.704579   2953.201513
24.392885   312.132073   1641.924406   2086.675329   2954.683048
24.517885   312.443836   1635.045655   2087.851392   2956.101618
24.642885   312.539890   1627.912007   2089.160066   2957.381260
24.767885   312.409358   1620.908337   2090.557539   2958.492680
24.892885   312.083862   1613.934928   2092.015303   2959.428754
25.017885   311.584465   1607.295480   2093.513632   2960.190003
25.142885   310.925731   1601.777761   2094.904775   2960.709229
25.267885   310.161835   1597.530978   2096.081394   2960.971237
25.392885   309.366605   1593.762766   2097.176924   2960.901389
25.517885   308.580771   1590.125901   2098.357955   2960.745162
25.642885   307.852820   1587.083479   2099.337982   2960.463734
25.767885   307.076032   1584.260932   2100.191404   2960.037417
25.892885   306.259762   1582.139089   2101.036176   2959.535450
26.017885   305.489604   1580.879949   2101.620856   2959.085815
26.142885   304.792913   1580.111155   2102.246045   2958.357847
26.267885   304.277154   1579.853593   2102.545690   2957.471336
26.392885   305.130291   1600.815036   2099.482223   2955.634475
26.517885   309.252658   1657.400381   2087.538638   2950.639447
26.642885   310.049375   1658.251612   2084.525570   2950.106957
26.767885   310.786863   1654.028901   2084.885820   2951.480516
26.892885   311.506623   1649.108565   2085.570607   2952.968606
27.017885   312.061219   1643.006754   2086.498223   2954.444013
27.142885   312.406980   1636.198434   2087.653204   2955.876642
27.267885   312.540205   1629.045561   2088.944853   2957.184876
